-4.52943e-19	0
-7.02843e-18	0
-9.73823e-18	0
2.98367e-17	0
-5.38661e-18	0
6.70449e-17	0
6.25782e-17	0
1.99493e-17	0
6.82078e-18	0
6.56688e-17	0
1.05429e-16	0
-1.249e-16	0
3.22692e-17	0
1.249e-16	0
-1.17961e-16	0
0.00178267	0
4.85001e-17	0
7.47732e-17	0
1.2389e-17	0
1.66533e-16	0
7.27267e-17	0
-4.30211e-16	0
3.53884e-16	0
0.00848326	0
-4.87137e-17	0
-8.32667e-17	0
8.32667e-17	0
0.0192945	0
2.77556e-17	0
0.0259946	0
0.0192947	0
4.27014e-17	0
-2.09986e-16	0
8.29349e-17	0
-1.08942e-17	0
-2.04697e-16	0
9.69584e-18	0
1.94289e-16	0
-3.05311e-16	0
0.0192949	0
1.1246e-16	0
-1.38778e-16	0
2.498e-16	0
0.0573359	0
-2.91434e-16	0
0.0851196	0
0.065819	0
1.04047e-17	0
-4.74918e-16	0
2.56739e-16	0
-2.15106e-16	0
0.0640337	0
2.42861e-17	0
0.123712	0
0.104406	0
8.49588e-16	0
5.96745e-16	0
0.0851197	0
0.0918107	0
6.39849e-16	0
0.0385934	0
-1.76822e-15	0
1.6898e-15	0
2.74323e-17	0
3.51687e-16	0
-4.71511e-17	0
6.0001e-17	0
1.73472e-18	0
7.20109e-17	0
8.32667e-17	0
4.85723e-17	0
0.0259939	0
-1.3493e-16	0
-1.52656e-16	0
1.11022e-16	0
0.0851196	0
3.60822e-16	0
0.132182	0
0.104415	0
-2.67217e-17	0
8.24126e-16	0
-1.21431e-16	0
2.70617e-16	0
0.123712	0
3.01842e-16	0
0.249989	0
0.215528	0
-1.16813e-15	0
-8.89046e-16	0
0.189521	0
0.20883	0
7.6876e-16	0
0.0918099	0
6.70024e-16	0
-8.42605e-16	0
-2.94263e-19	0
7.64741e-17	0
-1.24033e-16	0
7.63278e-17	0
0.085121	0
3.98119e-16	0
0.18952	0
0.170236	0
-3.20938e-16	0
-3.85976e-16	0
0.187738	0
0.215529	0
1.79389e-15	0
0.104405	0
-2.25598e-15	0
1.75598e-15	0
6.81232e-18	0
1.48536e-17	0
0.0833297	0
0.104415	0
-3.77366e-16	0
0.065819	0
-1.38859e-16	0
4.94685e-16	0
-7.86143e-17	0
0.0192952	0
3.35161e-17	0
2.54918e-17	0
-2.58376e-17	0
-2.72249e-16	0
-7.79773e-17	0
6.79665e-18	0
6.90647e-17	0
-2.8483e-16	0
3.0124e-17	0
1.92762e-17	0
1.08862e-16	0
-4.96832e-17	0
-1.78993e-16	0
1.82384e-16	0
0.0192952	0
1.29044e-16	0
4.36862e-16	0
-1.61523e-16	0
0.065819	0
-1.22055e-16	0
0.104415	0
0.0833297	0
2.60209e-18	0
-6.17911e-16	0
1.11431e-16	0
1.55749e-16	0
0.104405	0
-9.243e-17	0
0.215529	0
0.187738	0
1.01395e-15	0
8.0357e-16	0
0.170236	0
0.18952	0
-2.14325e-15	0
0.085121	0
2.39739e-15	0
-1.3262e-15	0
2.47139e-17	0
-1.67239e-16	0
3.54889e-16	0
-8.66053e-17	0
0.0918099	0
-3.51463e-16	0
0.20883	0
0.189521	0
5.60316e-16	0
6.9745e-16	0
0.215528	0
0.249989	0
-1.66533e-16	0
0.123712	0
-2.70617e-16	0
5.06539e-16	0
-4.80654e-17	0
6.53349e-17	0
0.104415	0
0.132182	0
4.02456e-16	0
0.0851196	0
-1.11022e-16	0
-6.93889e-18	0
-9.03961e-17	0
0.0259939	0
-1.45717e-16	0
-1.04083e-17	0
-5.61364e-17	0
2.39392e-16	0
-8.7171e-17	0
-1.27643e-17	0
9.00468e-17	0
1.84257e-16	0
-2.36081e-16	0
1.04203e-16	0
0.0385934	0
2.16485e-16	0
0.0918107	0
0.0851197	0
-4.96131e-16	0
-4.54754e-16	0
0.104406	0
0.123712	0
-9.02056e-16	0
0.0640337	0
1.73472e-15	0
-1.46411e-15	0
-1.56339e-17	0
-1.29055e-17	0
0.065819	0
0.0851196	0
-3.81639e-16	0
0.0573359	0
-1.94289e-16	0
2.22045e-16	0
-8.14867e-17	0
0.0192949	0
-3.46945e-17	0
-1.52656e-16	0
-8.59531e-17	0
-2.18575e-16	0
-5.67706e-17	0
-5.60001e-17	0
6.24709e-17	0
-2.1564e-17	0
0.0192947	0
0.0259946	0
2.08167e-17	0
0.0192945	0
-2.91434e-16	0
-9.71445e-17	0
-5.26724e-17	0
0.00848326	0
-2.01228e-16	0
-3.05311e-16	0
-1.42075e-16	0
-1.04083e-16	0
-1.37887e-16	0
-1.43187e-16	0
2.69173e-17	0
0.00178267	0
-1.52656e-16	0
-1.45717e-16	0
-1.38087e-16	0
-1.17961e-16	0
-1.95552e-16	0
-2.11547e-16	0
2.48051e-17	0
-2.86229e-17	0
-2.45603e-15	0
2.68813e-15	0
4.46094e-17	0
-1.89847e-15	0
6.71364e-17	0
4.74673e-17	0
1.09308e-16	0
