-1.35783e-16	0
6.40282e-16	0
-4.77299e-17	0
6.66134e-16	0
-6.17387e-16	0
-4.71845e-16	0
2.38698e-15	0
0.0305003	0
-1.7471e-16	0
-5.13478e-16	0
7.07767e-16	0
0.106567	0
6.93889e-17	0
0.17092	0
0.137067	0
-2.30286e-16	0
-3.69934e-16	0
-6.59195e-16	0
-1.8735e-16	0
0.17092	0
-3.1225e-16	0
0.353553	0
0.307987	0
-5.3523e-18	0
-1.0044e-15	0
0.277487	0
0.307987	0
-4.01191e-16	0
0.137067	0
-8.84374e-16	0
-8.9643e-16	0
-6.31413e-16	0
6.73495e-16	0
-2.7226e-17	0
5.6208e-16	0
0.137067	0
-6.63271e-16	0
0.307987	0
0.277487	0
-8.53484e-16	0
6.77336e-16	0
0.307987	0
0.353553	0
0	0
0.17092	0
2.15106e-16	0
-9.29812e-16	0
7.12937e-16	0
-6.70828e-16	0
0.137067	0
0.17092	0
-6.93889e-16	0
0.106567	0
-1.94289e-15	0
6.66134e-16	0
3.03549e-16	0
0.0305003	0
-7.91034e-16	0
-1.48492e-15	0
5.96359e-16	0
-3.88578e-16	0
-1.1568e-15	0
4.5272e-15	0
5.32434e-18	0
