-2.57915e-08	0
-2.35332e-08	0
2.82188e-10	0
9.07889e-06	0
2.82387e-08	0
1.04369e-08	0
-5.26977e-06	0
2.28165e-08	0
-8.21895e-10	0
-3.81857e-06	0
-9.86292e-09	0
1.7393e-10	0
7.91121e-06	0
-4.62199e-09	0
5.42229e-11	0
3.02458e-08	0
-4.29457e-08	0
6.24112e-07	0
1.28572e-06	0
-2.5143e-08	0
-7.32414e-07	0
-1.39586e-10	0
1.08101e-08	0
-3.1e-09	0
-6.10095e-06	0
1.95647e-08	0
9.36258e-11	0
-1.77166e-08	0
-3.17337e-08	0
5.88236e-10	0
1.4774e-08	0
3.39391e-05	0
6.03688e-08	0
4.46359e-06	0
8.60892e-08	0
3.30293e-08	0
-5.33511e-06	0
1.07465e-10	0
-1.92758e-08	0
-2.91089e-08	0
-4.46155e-07	0
-1.34509e-08	0
-7.61181e-11	0
-2.62401e-09	0
2.8216e-08	0
6.05343e-09	0
2.14253e-09	0
0.000239763	0
8.80092e-06	0
2.32155e-09	0
4.83706e-09	0
3.47073e-08	0
-2.80273e-09	0
4.01311e-11	0
-1.61441e-08	0
0.000786166	0
-2.32097e-08	0
-2.43936e-08	0
-5.25531e-12	0
0.0014536	0
4.11415e-08	0
0.00173333	0
0.00120551	0
3.27825e-08	0
7.60919e-10	0
3.30591e-07	0
8.20851e-08	0
3.85481e-10	0
-4.0427e-07	0
7.96557e-11	0
-4.35864e-10	0
-1.54685e-09	0
-4.27135e-07	0
6.03277e-10	0
-1.56863e-14	0
-1.44527e-09	0
-5.20761e-10	0
3.06222e-10	0
1.18192e-09	0
0.000785345	0
-2.17399e-07	0
1.1766e-09	0
1.08594e-10	0
-1.96783e-09	0
-1.53844e-09	0
5.44971e-12	0
1.32947e-09	0
0.00302968	0
-9.76442e-10	0
3.74638e-10	0
-7.28575e-12	0
0.00616132	0
-1.22944e-09	0
0.00779122	0
0.00559616	0
-1.61259e-09	0
-6.39055e-06	0
8.56139e-09	0
-2.51001e-10	0
-3.26757e-08	0
-1.01005e-08	0
1.80126e-11	0
1.88452e-08	0
0.00437497	0
1.55146e-09	0
1.41874e-08	0
-5.19925e-12	0
0.0116872	0
-2.90453e-08	0
0.0163455	0
0.012249	0
-2.64608e-08	0
1.8159e-08	0
8.18417e-11	0
-4.29111e-09	0
0.0107409	0
-1.56394e-10	0
0.0195873	0
0.0160337	0
7.64911e-11	0
2.03011e-08	0
0.0121919	0
0.0127645	0
1.34278e-08	0
0.005082	0
1.42069e-11	0
-1.1223e-08	0
1.87464e-08	0
-3.07036e-08	0
-2.10158e-06	0
2.34259e-08	0
-1.69251e-08	0
2.49868e-06	0
3.79831e-11	0
9.67451e-09	0
1.33496e-08	0
-1.44964e-07	0
7.65586e-09	0
1.46877e-11	0
-2.47655e-11	0
-1.53426e-08	0
-2.82064e-09	0
-2.37634e-11	0
0.00145245	0
-4.93162e-06	0
-2.47333e-11	0
-2.41086e-09	0
-1.95758e-08	0
-5.12909e-11	0
-3.14857e-11	0
9.48242e-09	0
0.00616092	0
1.11922e-08	0
1.28114e-08	0
3.61088e-11	0
0.0131675	0
-2.21029e-08	0
0.0171262	0
0.0124829	0
-1.75458e-08	0
-2.4234e-07	0
-1.7301e-10	0
-1.79266e-10	0
-5.78031e-10	0
4.1093e-10	0
1.04097e-11	0
9.41201e-11	0
0.0116882	0
1.50534e-09	0
8.83572e-10	0
5.11164e-12	0
0.0328121	0
-1.21629e-09	0
0.0471566	0
0.0358477	0
-8.71862e-10	0
2.57091e-09	0
1.37712e-09	0
2.39678e-10	0
0.0334616	0
-1.70905e-09	0
0.0627225	0
0.0520992	0
-2.06727e-09	0
-1.35722e-09	0
0.0410685	0
0.0436327	0
-1.00843e-09	0
0.0178499	0
3.89512e-10	0
7.80422e-10	0
1.71444e-09	0
8.81345e-06	0
-1.38062e-08	0
7.30774e-11	0
4.54757e-08	0
1.66876e-08	0
-1.92764e-11	0
-2.67127e-08	0
0.0107408	0
3.51955e-10	0
-1.85309e-08	0
-3.27024e-12	0
0.0334621	0
3.90533e-08	0
0.0505099	0
0.0393322	0
3.56859e-08	0
-2.40441e-08	0
2.54196e-09	0
6.63431e-09	0
0.0448947	0
-2.96303e-09	0
0.0883802	0
0.0752074	0
-4.10783e-09	0
-3.14632e-08	0
0.0642073	0
0.0698852	0
-2.08321e-08	0
0.0300157	0
8.27717e-10	0
1.74201e-08	0
-2.71999e-08	0
4.24569e-08	0
2.19701e-08	0
4.24539e-10	0
0.026805	0
-2.61301e-08	0
0.0583466	0
0.0518303	0
-3.42745e-08	0
-1.7975e-09	0
0.055656	0
0.0632285	0
-1.83743e-09	0
0.0300068	0
7.23282e-09	0
1.61352e-09	0
3.24355e-08	0
4.69063e-08	0
0.0232169	0
0.0288289	0
4.28234e-08	0
0.0178504	0
-3.07511e-11	0
-2.03524e-08	0
-2.50574e-09	0
0.00508857	0
-2.92584e-08	0
6.43356e-12	0
-1.78417e-08	0
4.98653e-08	0
5.05912e-10	0
1.4937e-08	0
8.48477e-06	0
-1.92893e-10	0
-4.99394e-08	0
-1.58692e-08	0
-1.02447e-10	0
4.58445e-08	0
1.17791e-11	0
9.11956e-11	0
1.27748e-10	0
2.36966e-08	0
-1.80276e-11	0
-1.58863e-11	0
4.48768e-11	0
-2.35576e-11	0
-6.96582e-11	0
-1.07907e-10	0
0.00173323	0
-7.88048e-09	0
-1.50385e-10	0
-2.42934e-11	0
1.40439e-10	0
2.07646e-10	0
-8.03588e-13	0
-1.0856e-10	0
0.00779066	0
1.26905e-10	0
2.80199e-12	0
2.72944e-11	0
0.0171242	0
9.59922e-11	0
0.022612	0
0.0166083	0
1.67167e-10	0
1.31625e-06	0
-1.82323e-09	0
4.83046e-11	0
6.7967e-09	0
2.20417e-09	0
1.43497e-11	0
-3.92954e-09	0
0.0163458	0
-1.31266e-10	0
-2.85928e-09	0
1.49237e-12	0
0.0471568	0
5.92733e-09	0
0.0688343	0
0.0527546	0
5.3872e-09	0
-3.64553e-09	0
1.44256e-10	0
9.01147e-10	0
0.0505104	0
-2.32206e-10	0
0.0961758	0
0.0805511	0
-3.01931e-10	0
-4.49594e-09	0
0.0647395	0
0.0693603	0
-3.00588e-09	0
0.0288298	0
1.33302e-11	0
2.44577e-09	0
-3.84729e-09	0
-3.43807e-09	0
4.54485e-12	0
8.02762e-12	0
-2.14101e-11	0
1.4605e-11	0
8.14288e-12	0
1.40997e-11	0
0.019587	0
3.37426e-11	0
2.51651e-11	0
-1.1267e-11	0
0.0627233	0
-5.6464e-11	0
0.0961764	0
0.0754932	0
-2.31987e-11	0
2.16883e-11	0
-5.48435e-12	0
-1.50229e-11	0
0.088381	0
-5.03816e-14	0
0.176745	0
0.151611	0
4.37948e-12	0
4.64979e-11	0
0.132019	0
0.144862	0
2.84532e-11	0
0.0632269	0
-3.48798e-12	0
-2.66861e-11	0
-6.12375e-11	0
2.44762e-11	0
-3.04335e-11	0
-3.93116e-12	0
0.0583495	0
9.6577e-11	0
0.128979	0
0.115468	0
1.32135e-10	0
1.92865e-10	0
0.126497	0
0.144863	0
1.79082e-10	0
0.0698833	0
2.91584e-12	0
-1.04392e-10	0
1.17723e-10	0
1.62459e-10	0
0.0554221	0
0.069359	0
1.43491e-10	0
0.0436317	0
-5.94287e-13	0
-9.75357e-11	0
9.67943e-11	0
0.0127644	0
-2.52875e-11	0
-2.48626e-11	0
7.041e-11	0
3.69266e-11	0
8.66483e-12	0
-1.59822e-11	0
1.60245e-08	0
-5.87056e-06	0
8.58285e-09	0
-1.51864e-10	0
-2.98657e-08	0
-1.02696e-08	0
-1.86515e-11	0
1.74066e-08	0
0.0121938	0
6.10631e-10	0
1.24221e-08	0
2.72253e-11	0
0.0410705	0
-2.58769e-08	0
0.0647403	0
0.0515176	0
-2.39729e-08	0
1.63852e-08	0
-1.10943e-09	0
-4.22149e-09	0
0.0642068	0
1.26651e-09	0
0.132019	0
0.114817	0
1.85609e-09	0
1.99802e-08	0
0.103783	0
0.115466	0
1.33959e-08	0
0.0518253	0
-3.4884e-10	0
-1.11734e-08	0
1.92261e-08	0
-1.81749e-08	0
-1.01111e-08	0
-3.53351e-10	0
0.0556563	0
1.2073e-08	0
0.126498	0
0.114816	0
1.53123e-08	0
1.72317e-09	0
0.13058	0
0.151612	0
1.44792e-09	0
0.0752104	0
-3.19549e-09	0
-1.19693e-09	0
-1.36315e-08	0
-2.02204e-08	0
0.0634928	0
0.0805509	0
-1.77434e-08	0
0.052097	0
-2.18624e-11	0
8.27139e-09	0
2.03925e-09	0
0.0160288	0
1.24272e-08	0
6.74897e-12	0
8.24248e-09	0
-2.09789e-08	0
-3.32762e-10	0
-6.78887e-09	0
-3.5523e-06	0
-2.58031e-10	0
-8.37169e-10	0
-2.98246e-10	0
0.0232167	0
9.94745e-10	0
0.0554228	0
0.0515175	0
1.23563e-09	0
1.42043e-09	0
0.0634922	0
0.0754924	0
1.02185e-09	0
0.0393323	0
-2.78007e-10	0
-8.87434e-10	0
3.87443e-10	0
2.76877e-10	0
0.040603	0
0.0527547	0
7.52344e-10	0
0.0358472	0
1.73585e-12	0
-5.85698e-10	0
1.17125e-09	0
0.0122485	0
4.33625e-11	0
7.87655e-12	0
5.23858e-10	0
2.75631e-10	0
-1.62858e-10	0
-3.38841e-10	0
1.26095e-07	0
1.76479e-08	0
0.0122503	0
0.0166099	0
2.11689e-08	0
0.0124784	0
1.05376e-11	0
-1.21046e-08	0
8.59639e-09	0
0.00559716	0
-9.40047e-09	0
-2.87743e-11	0
-5.4339e-10	0
1.89801e-08	0
-1.81302e-09	0
4.39088e-10	0
4.24447e-06	0
0.00121491	0
-7.62784e-11	0
2.87254e-09	0
-1.06681e-08	0
1.51901e-10	0
-4.66706e-12	0
5.04799e-09	0
-8.49237e-08	0
-1.34842e-08	0
7.33036e-09	0
3.08664e-11	0
-2.13768e-06	0
-1.24122e-08	0
1.06825e-08	0
1.78265e-06	0
-1.94146e-08	0
2.58009e-08	0
1.79502e-06	0
-1.70131e-08	0
1.42248e-08	0
-2.15328e-06	0
1.42221e-11	0
-8.13781e-09	0
-1.14863e-08	0
3.68992e-08	0
-6.30233e-09	0
-3.54414e-11	0
-3.03163e-10	0
1.27368e-08	0
2.37928e-09	0
2.09632e-10	0
0.00120655	0
4.08173e-06	0
1.40486e-10	0
2.01638e-09	0
1.61245e-08	0
-1.184e-10	0
2.67877e-11	0
-7.76145e-09	0
0.00559718	0
-9.52697e-09	0
-1.06829e-08	0
-4.8354e-12	0
0.012483	0
1.83881e-08	0
0.0166099	0
0.0122465	0
1.45441e-08	0
1.55242e-07	0
1.36726e-10	0
1.47799e-10	0
3.17425e-10	0
-2.62125e-10	0
5.75646e-12	0
-3.34901e-12	0
0.0122486	0
-1.01293e-09	0
-5.57848e-10	0
-4.39627e-12	0
0.0358477	0
7.3425e-10	0
0.0527547	0
0.0406027	0
4.54306e-10	0
-1.90349e-09	0
-9.45034e-10	0
-2.00666e-10	0
0.0393326	0
1.10974e-09	0
0.0754924	0
0.0634919	0
1.38283e-09	0
9.00154e-10	0
0.0515175	0
0.0554228	0
6.59264e-10	0
0.0232168	0
-2.88653e-10	0
-5.5803e-10	0
-1.28212e-09	0
-4.23347e-06	0
6.89495e-09	0
1.67278e-11	0
-2.20439e-08	0
-8.36649e-09	0
9.31484e-12	0
1.29901e-08	0
0.0160319	0
-5.25263e-10	0
8.86642e-09	0
-1.93431e-11	0
0.0520975	0
-1.88334e-08	0
0.0805503	0
0.0634924	0
-1.70507e-08	0
1.13827e-08	0
-1.49276e-09	0
-3.26989e-09	0
0.0752072	0
1.78329e-09	0
0.151612	0
0.130581	0
2.40992e-09	0
1.56187e-08	0
0.114819	0
0.126498	0
1.02901e-08	0
0.0556522	0
-4.71859e-10	0
-8.58202e-09	0
1.2538e-08	0
-2.45329e-08	0
-1.24754e-08	0
-1.89079e-10	0
0.051831	0
1.48814e-08	0
0.115466	0
0.10378	0
1.97333e-08	0
8.94269e-10	0
0.114815	0
0.132019	0
1.01003e-09	0
0.0642116	0
-4.14941e-09	0
-8.6279e-10	0
-1.87274e-08	0
-2.68871e-08	0
0.0515176	0
0.0647411	0
-2.48427e-08	0
0.0410704	0
2.51565e-11	0
1.18333e-08	0
1.17244e-09	0
0.0121899	0
1.6936e-08	0
-2.72036e-11	0
1.0155e-08	0
-2.89365e-08	0
-2.40233e-10	0
-8.50238e-09	0
-4.92114e-06	0
8.74558e-09	0
2.19758e-11	0
-4.09129e-12	0
1.33159e-11	0
-7.58033e-11	0
-2.59707e-11	0
-1.15257e-11	0
0.0127644	0
-1.60502e-10	0
-9.06826e-11	0
2.64913e-12	0
0.0436317	0
1.24604e-10	0
0.069359	0
0.055422	0
8.74885e-11	0
-1.18608e-10	0
-1.05907e-10	0
3.55506e-12	0
0.0698833	0
1.72077e-10	0
0.144863	0
0.126497	0
1.93116e-10	0
1.32941e-10	0
0.115468	0
0.128979	0
1.22973e-10	0
0.0583495	0
-9.05231e-12	0
-5.52549e-11	0
3.76638e-11	0
-5.44539e-11	0
-6.38854e-11	0
-8.8087e-12	0
0.0632269	0
6.58684e-11	0
0.144862	0
0.132019	0
4.85906e-11	0
1.22622e-11	0
0.151611	0
0.176745	0
-2.84681e-12	0
0.088381	0
-1.21501e-11	0
3.63851e-13	0
-6.40266e-11	0
-1.01598e-10	0
0.0754932	0
0.0961764	0
-6.16751e-11	0
0.0627233	0
-8.72227e-12	0
2.81954e-11	0
-3.90927e-12	0
0.019587	0
1.77172e-11	0
4.9233e-12	0
6.53938e-13	0
-3.16598e-11	0
-1.49165e-11	0
-2.2368e-11	0
-1.02157e-08	0
5.7042e-09	0
2.91198e-09	0
-1.96226e-11	0
0.0288285	0
-3.54777e-09	0
0.0693603	0
0.0647403	0
-4.5141e-09	0
-1.25064e-10	0
0.0805516	0
0.0961758	0
-1.96719e-10	0
0.0505093	0
9.10744e-10	0
1.10834e-10	0
4.50224e-09	0
6.45258e-09	0
0.0527547	0
0.0688341	0
5.86941e-09	0
0.0471568	0
6.65247e-12	0
-2.8149e-09	0
-1.85063e-10	0
0.0163466	0
-3.93378e-09	0
9.4117e-12	0
-2.44655e-09	0
6.7705e-09	0
2.10585e-11	0
2.0205e-09	0
1.18978e-06	0
3.35044e-11	0
0.0166083	0
0.022612	0
9.50588e-12	0
0.0171243	0
2.3043e-11	0
5.11601e-11	0
-3.28817e-11	0
0.00779072	0
-7.06981e-11	0
1.91309e-12	0
-9.21401e-11	0
6.2944e-11	0
2.21075e-11	0
9.60909e-11	0
4.61077e-09	0
0.00173335	0
-1.30492e-10	0
-7.43044e-11	0
-3.50474e-10	0
8.33634e-11	0
1.03334e-11	0
2.15078e-10	0
3.60093e-08	0
1.84868e-10	0
1.34771e-10	0
-1.68281e-11	0
1.37223e-08	0
-3.12726e-10	0
-1.40356e-08	0
-2.03079e-08	0
-5.30304e-10	0
1.01056e-05	0
-1.50964e-08	0
1.94987e-10	0
5.16438e-08	0
1.80621e-08	0
-5.73276e-12	0
-3.01672e-08	0
0.00508176	0
-7.77564e-10	0
-2.14478e-08	0
-3.14174e-11	0
0.0178501	0
4.47586e-08	0
0.0288303	0
0.0232171	0
4.12211e-08	0
-2.81226e-08	0
2.0966e-09	0
7.36837e-09	0
0.030015	0
-2.37164e-09	0
0.0632285	0
0.0556522	0
-3.44711e-09	0
-3.4769e-08	0
0.0518245	0
0.0583466	0
-2.31537e-08	0
0.0268148	0
7.01414e-10	0
1.93885e-08	0
-3.22901e-08	0
3.73989e-08	0
2.01088e-08	0
5.81556e-10	0
0.0300072	0
-2.39502e-08	0
0.0698852	0
0.0642124	0
-3.09235e-08	0
-2.6571e-09	0
0.0752106	0
0.0883802	0
-2.38994e-09	0
0.0448877	0
6.49058e-09	0
2.01943e-09	0
2.82354e-08	0
4.13783e-08	0
0.0393316	0
0.0505086	0
3.70382e-08	0
0.0334628	0
1.40671e-12	0
-1.74177e-08	0
-3.29609e-09	0
0.0107471	0
-2.57029e-08	0
-5.94995e-12	0
-1.64142e-08	0
4.35566e-08	0
5.77641e-10	0
1.36133e-08	0
7.38398e-06	0
2.59238e-10	0
1.15047e-09	0
3.98133e-10	0
0.0178502	0
-1.45282e-09	0
0.0436326	0
0.0410684	0
-1.76821e-09	0
-2.13993e-09	0
0.0520989	0
0.0627225	0
-1.61811e-09	0
0.0334621	0
3.24991e-10	0
1.28976e-09	0
-6.32908e-10	0
-6.29705e-10	0
0.0358472	0
0.0471566	0
-1.26176e-09	0
0.0328128	0
3.83438e-12	0
9.24425e-10	0
-1.56759e-09	0
0.0116885	0
6.4885e-11	0
1.628e-11	0
-6.90733e-10	0
-5.53358e-10	0
2.29537e-10	0
4.45716e-10	0
-2.02145e-07	0
-2.12546e-08	0
0.0124783	0
0.0171261	0
-2.53871e-08	0
0.0131729	0
1.94432e-11	0
1.4495e-08	0
-1.00715e-08	0
0.00616082	0
1.14288e-08	0
3.92246e-11	0
9.69961e-10	0
-2.29622e-08	0
2.17912e-09	0
-7.24604e-10	0
-5.12194e-06	0
0.00144237	0
3.28412e-10	0
-3.40374e-09	0
1.29688e-08	0
-5.79725e-10	0
2.13474e-11	0
-6.19571e-09	0
1.10349e-08	0
1.5709e-08	0
-8.75882e-09	0
-8.1393e-11	0
2.47979e-06	0
1.48623e-08	0
-1.0198e-08	0
-2.08937e-06	0
2.32677e-08	0
-2.70614e-08	0
-1.33058e-08	0
1.57962e-10	0
0.00508803	0
1.584e-08	0
0.0127645	0
0.0121884	0
2.03698e-08	0
-8.46433e-10	0
0.0160311	0
0.0195873	0
-3.20308e-10	0
0.0107463	0
-4.30693e-09	0
2.12196e-10	0
-2.1793e-08	0
-3.13908e-08	0
0.0122486	0
0.0163463	0
-2.88313e-08	0
0.0116877	0
-8.64598e-12	0
1.39926e-08	0
2.8131e-10	0
0.00437101	0
1.89189e-08	0
2.8711e-11	0
1.12477e-08	0
-3.26521e-08	0
-8.74468e-11	0
-9.46908e-09	0
-5.77603e-06	0
-1.04659e-09	0
0.00559642	0
0.0077913	0
-7.68758e-10	0
0.00616093	0
1.09856e-12	0
1.16211e-10	0
6.06435e-10	0
0.00302901	0
1.14077e-09	0
3.52776e-12	0
1.46522e-09	0
-1.5788e-09	0
-3.42665e-12	0
-1.07075e-09	0
-2.65174e-07	0
0.000784338	0
1.34777e-09	0
3.68822e-10	0
2.5896e-09	0
-1.6431e-09	0
1.72066e-11	0
-1.6291e-09	0
-4.43605e-07	0
-1.84636e-09	0
-8.12969e-10	0
-9.93761e-11	0
-2.41371e-07	0
1.80323e-09	0
8.58797e-08	0
1.93139e-07	0
3.12492e-09	0
3.82687e-08	0
0.0012153	0
0.00173346	0
4.83822e-08	0
0.00144182	0
1.51818e-11	0
-2.81536e-08	0
2.34196e-08	0
0.000785201	0
-2.03305e-08	0
-8.78086e-11	0
7.59943e-10	0
4.20931e-08	0
-4.78348e-09	0
-4.81842e-10	0
9.84291e-06	0
0.000258633	0
1.7021e-09	0
7.32057e-09	0
-2.4026e-08	0
-1.79544e-09	0
1.51901e-12	0
1.07504e-08	0
-8.76236e-07	0
-3.42071e-08	0
1.7974e-08	0
-5.33756e-11	0
-5.48342e-06	0
-2.9778e-08	0
1.86286e-07	0
4.60036e-06	0
-4.65944e-08	0
7.86879e-06	0
1.82473e-08	0
5.70514e-10	0
4.20071e-08	0
-2.16257e-08	0
3.45959e-11	0
-2.44989e-08	0
-6.42878e-06	0
-2.28377e-09	0
-1.74359e-08	0
-5.87134e-11	0
-2.75401e-07	0
3.63308e-08	0
1.35895e-06	0
2.46835e-07	0
5.8582e-08	0
4.00332e-08	0
1.74057e-09	0
5.95932e-09	0
7.94957e-06	0
-2.02027e-09	0
3.64141e-09	0
-3.73426e-06	0
-4.33018e-09	0
-2.82767e-08	0
-5.52224e-06	0
-1.13581e-08	0
-3.22362e-08	0
9.33727e-06	0
8.5356e-10	0
2.69562e-08	0
-1.91015e-08	0
