-3.138e-12	0
-2.43365e-10	0
-3.57004e-10	0
7.86858e-10	0
-3.04071e-10	0
8.75873e-10	0
2.30314e-10	0
8.06909e-09	0
-1.60206e-10	0
3.49793e-10	0
-2.33045e-10	0
1.6297e-08	0
-5.07803e-10	0
1.39055e-08	0
6.22287e-09	0
1.55857e-08	0
-4.70374e-11	0
-4.69712e-10	0
-8.43874e-10	0
1.06516e-08	0
-7.81117e-10	0
-7.06989e-11	0
-1.02502e-08	0
4.03598e-08	0
-1.92053e-10	0
-2.39526e-08	0
-3.61404e-08	0
6.68768e-08	0
-2.3491e-08	0
7.51547e-08	0
5.07396e-08	0
-3.11592e-10	0
-3.76177e-12	0
4.47724e-10	0
6.18189e-10	0
1.79928e-08	0
5.06399e-10	0
2.54045e-08	0
1.53764e-08	0
-1.88259e-09	0
2.94597e-10	0
8.31979e-09	0
1.33071e-09	0
-1.45348e-08	0
-5.60648e-09	0
-2.25502e-08	0
-1.71017e-08	0
-1.77205e-09	0
1.10543e-10	0
5.93284e-09	0
5.26989e-09	0
-2.76139e-08	0
1.28496e-09	0
-3.97907e-08	0
-2.6652e-08	0
-4.75161e-09	0
9.67716e-10	0
-7.60378e-09	0
-3.30216e-10	0
-8.40657e-09	0
6.59541e-09	0
-9.99116e-09	0
-6.98494e-09	0
1.13061e-11	0
1.70832e-11	0
1.70167e-09	0
2.47341e-09	0
7.82267e-10	0
2.10351e-09	0
-1.7196e-09	0
-2.83409e-09	0
-2.26434e-08	0
1.14435e-09	0
-8.59365e-09	0
-1.12046e-08	0
-5.06782e-08	0
-6.8206e-09	0
-2.81014e-08	0
7.40085e-10	0
-2.44381e-08	0
3.69274e-10	0
-1.63089e-10	0
6.55973e-10	0
-6.42433e-08	0
1.75164e-09	0
-4.00336e-09	0
6.20798e-08	0
-6.55159e-08	0
1.84389e-09	0
1.33414e-07	0
2.16332e-07	0
-1.01257e-07	0
1.48949e-07	0
-1.09901e-07	0
-7.30375e-08	0
1.54695e-06	0
1.33628e-10	0
7.51952e-09	0
1.1634e-08	0
-1.59875e-07	0
1.07144e-08	0
-2.20666e-07	0
-1.24163e-07	0
-2.54505e-08	0
6.29455e-09	0
-6.80328e-08	0
9.3858e-09	0
1.57048e-09	0
7.11644e-08	0
2.1682e-08	0
1.94488e-08	0
8.72889e-06	0
2.22746e-09	0
6.3745e-09	0
4.0155e-08	0
3.97544e-08	0
5.94898e-08	0
6.58872e-08	0
3.42718e-08	0
2.45966e-05	0
1.94965e-08	0
5.96571e-08	0
3.28293e-08	0
4.37766e-05	0
-6.16293e-09	0
5.17734e-05	0
3.60181e-05	0
-9.78592e-10	0
-2.85554e-11	0
2.51106e-09	0
3.53714e-09	0
-3.37017e-09	0
2.95723e-09	0
-8.14554e-09	0
-8.18328e-09	0
-6.25206e-08	0
1.74819e-09	0
-2.16738e-10	0
3.508e-10	0
-1.55177e-07	0
2.54209e-09	0
-1.31777e-07	0
-5.45048e-08	0
-1.33977e-07	0
7.87103e-10	0
3.4533e-09	0
6.28071e-09	0
-1.23318e-07	0
6.87157e-09	0
-8.36228e-09	0
1.25498e-07	0
-3.69115e-07	0
4.7371e-09	0
2.05578e-07	0
3.60867e-07	0
-5.8972e-07	0
2.51748e-07	0
-6.5871e-07	0
-4.45922e-07	0
8.72194e-06	0
5.75103e-10	0
-2.38631e-09	0
-1.99259e-09	0
-2.23543e-07	0
-7.66643e-10	0
-2.69302e-07	0
-1.09013e-07	0
-1.11701e-07	0
-1.35274e-09	0
-1.22304e-07	0
-3.06057e-09	0
7.09958e-08	0
7.8424e-08	0
1.69695e-07	0
1.26403e-07	0
4.92164e-05	0
-1.7019e-09	0
-4.78497e-08	0
-2.76704e-08	0
2.57219e-07	0
5.55943e-09	0
3.73872e-07	0
1.60273e-07	0
0.000138686	0
-2.79853e-08	0
3.03349e-07	0
1.179e-07	0
0.000246831	0
-8.19332e-08	0
0.00029192	0
0.000203085	0
-5.46639e-09	0
-1.46945e-10	0
-9.43053e-09	0
-1.38401e-08	0
-2.65227e-08	0
-1.17538e-08	0
-1.36661e-08	0
9.17878e-09	0
5.72741e-08	0
-6.03513e-09	0
6.82162e-08	0
1.04903e-07	0
1.03662e-07	0
7.51372e-08	0
-4.7371e-08	0
-1.33391e-07	0
0.000100918	0
-1.31336e-09	0
7.62881e-09	0
1.06565e-08	0
2.32137e-07	0
4.20756e-09	0
-6.08654e-08	0
-3.053e-07	0
0.000345905	0
-8.00475e-09	0
-7.67695e-07	0
-1.13197e-06	0
0.000653834	0
-7.57075e-07	0
0.000789396	0
0.000552711	0
-8.58544e-09	0
5.13508e-09	0
-7.58933e-08	0
-1.00674e-07	0
6.02706e-07	0
-8.4565e-08	0
1.36387e-06	0
1.37085e-06	0
0.000399141	0
-6.53582e-08	0
-1.58463e-09	0
-3.07412e-08	0
0.000985115	0
-3.35263e-07	0
0.00131194	0
0.000956271	0
-1.24282e-07	0
-4.11807e-08	0
-1.15531e-07	0
-3.01576e-07	0
0.000794305	0
-4.88067e-07	0
0.00137933	0
0.00109938	0
-3.77117e-08	0
-4.87816e-07	0
0.000796519	0
0.000812553	0
2.08754e-08	0
0.000308246	0
-4.37954e-08	0
-7.71711e-08	0
1.35211e-08	0
-1.72876e-10	0
4.26222e-10	0
2.01568e-10	0
1.02212e-08	0
9.44568e-12	0
-5.22877e-10	0
-1.69859e-08	0
3.08833e-08	0
5.5311e-10	0
1.23593e-08	0
5.37979e-11	0
-1.67524e-08	0
-2.5657e-09	0
-1.8776e-08	0
-1.35113e-09	0
-2.91606e-09	0
9.5381e-10	0
-1.45408e-09	0
-3.05242e-09	0
-5.06583e-08	0
-3.58211e-10	0
-1.01942e-08	0
8.6748e-08	0
-5.0687e-08	0
8.33699e-09	0
-6.47926e-08	0
3.74127e-08	0
-1.62922e-08	0
6.71417e-08	0
-8.98335e-09	0
-1.16456e-08	0
2.45815e-05	0
1.50866e-09	0
-1.28704e-09	0
1.22293e-09	0
-1.15438e-07	0
2.80347e-09	0
-3.62833e-08	0
1.25682e-07	0
-2.66338e-07	0
-9.89908e-10	0
-1.20433e-07	0
6.81832e-09	0
3.17146e-08	0
4.2947e-08	0
1.10316e-07	0
4.06219e-08	0
0.000138709	0
-3.74397e-09	0
4.85917e-09	0
2.94011e-08	0
9.91179e-08	0
1.77548e-08	0
2.26276e-08	0
-3.19808e-07	0
0.00039087	0
-6.51108e-08	0
4.56913e-07	0
3.18625e-08	0
0.000695668	0
-2.41636e-07	0
0.000822745	0
0.000572372	0
-1.51526e-08	0
6.9222e-12	0
1.27034e-09	0
1.67222e-09	0
-1.02927e-08	0
1.59272e-09	0
-1.49506e-08	0
-4.60987e-09	0
-3.89002e-08	0
1.64355e-09	0
-3.36655e-09	0
1.03983e-08	0
-9.43519e-08	0
1.51274e-08	0
-7.39748e-08	0
-2.69881e-08	0
0.000345972	0
1.79402e-09	0
-9.51316e-10	0
7.11242e-09	0
-1.30369e-07	0
1.14457e-08	0
2.80303e-09	0
1.96128e-07	0
0.00123666	0
3.05655e-09	0
2.8139e-09	0
1.8404e-07	0
0.00239769	0
1.48187e-07	0
0.00294164	0
0.00207813	0
-2.56726e-08	0
1.42638e-08	0
-2.33501e-08	0
-4.70332e-11	0
-9.34711e-07	0
1.62612e-08	0
-1.24033e-07	0
1.29387e-06	0
0.00158214	0
-2.78723e-08	0
-1.12954e-06	0
-7.15931e-08	0
0.0040248	0
2.14363e-07	0
0.00546046	0
0.00402226	0
-3.19342e-07	0
-5.24077e-08	0
3.841e-08	0
2.15777e-07	0
0.00342989	0
1.90653e-08	0
0.00606747	0
0.00488624	0
-8.78869e-08	0
-7.04675e-07	0
0.00360583	0
0.00371496	0
9.04321e-08	0
0.00143377	0
-7.11383e-08	0
-1.69559e-07	0
3.42601e-08	0
-5.04044e-10	0
1.80725e-08	0
2.48246e-08	0
-1.95303e-08	0
2.04781e-08	0
-7.07161e-08	0
-8.86567e-08	0
-4.26147e-07	0
1.27696e-08	0
2.71195e-08	0
2.11775e-08	0
-1.14911e-06	0
2.9045e-08	0
-1.00516e-06	0
-4.32826e-07	0
0.000398871	0
6.6535e-09	0
2.01888e-08	0
3.96802e-08	0
-8.43666e-07	0
4.89846e-08	0
3.415e-08	0
1.03559e-06	0
0.00158204	0
4.58272e-08	0
1.3723e-06	0
2.54384e-06	0
0.00322534	0
1.80061e-06	0
0.00407137	0
0.00291958	0
-3.20922e-08	0
1.5174e-09	0
-2.13396e-08	0
-2.64435e-08	0
-1.34477e-06	0
-1.76572e-08	0
-1.82748e-06	0
-9.98364e-07	0
0.00266321	0
-8.5837e-09	0
-7.19112e-07	0
-1.29462e-07	0
0.00714244	0
4.09569e-07	0
0.00998011	0
0.00746989	0
-1.43328e-07	0
-6.1498e-09	0
-3.92054e-07	0
-3.01876e-07	0
0.00678989	0
-4.50607e-08	0
0.012372	0
0.0101213	0
-4.04877e-07	0
-7.49054e-08	0
0.00774613	0
0.00810639	0
-5.86918e-07	0
0.00322336	0
-6.94952e-07	0
-4.87986e-07	0
-7.02599e-09	0
-4.97681e-09	0
-7.93381e-08	0
-1.26936e-07	0
1.16143e-07	0
-1.12712e-07	0
4.56833e-08	0
-2.22532e-07	0
0.00198751	0
-4.81531e-08	0
8.54684e-07	0
7.81527e-07	0
0.00593729	0
4.59177e-07	0
0.00873047	0
0.006704	0
8.88887e-08	0
-1.098e-09	0
5.13467e-08	0
-5.13512e-08	0
0.00743844	0
-5.95389e-08	0
0.014269	0
0.0119693	0
-8.17132e-08	0
9.39405e-08	0
0.00993107	0
0.010655	0
-1.03083e-07	0
0.00446108	0
-3.52551e-08	0
-2.05893e-08	0
-1.91433e-08	0
2.75399e-09	0
-5.46936e-07	0
-8.59281e-07	0
0.0039893	0
-7.29225e-07	0
0.00846489	0
0.00741278	0
-5.07267e-07	0
-4.0252e-07	0
0.00774831	0
0.00868201	0
3.81787e-07	0
0.00402125	0
5.77631e-07	0
2.32671e-07	0
-6.88101e-08	0
-1.75756e-07	0
0.00303006	0
0.00371544	0
4.90671e-07	0
0.00224308	0
3.81544e-08	0
-1.16988e-06	0
9.35249e-09	0
0.000614618	0
1.02294e-06	0
-3.5728e-07	0
9.7078e-08	0
-8.92279e-07	0
7.92917e-08	0
1.96893e-08	0
6.84015e-09	0
-3.30923e-10	0
-6.88437e-10	0
-1.77272e-09	0
2.23416e-08	0
-1.80194e-09	0
3.49308e-09	0
-2.94511e-08	0
9.60181e-08	0
3.81123e-11	0
2.50332e-08	0
1.48573e-10	0
5.56295e-08	0
-6.3571e-09	0
3.58887e-08	0
2.52577e-08	0
6.17968e-08	0
1.43344e-09	0
-4.87146e-09	0
-9.61899e-09	0
-1.84684e-08	0
-4.47712e-09	0
-5.95365e-09	0
1.00945e-07	0
8.79657e-08	0
1.41447e-08	0
-2.55685e-07	0
-1.51583e-07	0
2.74168e-07	0
-2.6606e-08	0
3.31864e-07	0
2.17145e-07	0
4.3696e-05	0
2.65977e-09	0
-1.73441e-09	0
2.81257e-09	0
-8.08925e-08	0
5.43855e-09	0
1.07255e-07	0
3.23643e-07	0
-4.84211e-07	0
-1.4172e-09	0
-1.67134e-07	0
4.88521e-09	0
-1.56667e-08	0
2.57165e-08	0
8.20856e-08	0
-1.58344e-08	0
0.000246569	0
-6.52427e-09	0
3.46657e-08	0
6.73254e-08	0
1.98869e-08	0
2.39126e-08	0
-2.15641e-07	0
-7.60494e-07	0
0.000694811	0
-1.1494e-07	0
7.00754e-07	0
-3.64738e-08	0
0.00123662	0
-4.45786e-07	0
0.00146251	0
0.00101745	0
-2.68835e-08	0
2.23586e-10	0
6.02218e-09	0
8.7222e-09	0
-1.87173e-09	0
7.84853e-09	0
-8.34876e-09	0
3.44077e-09	0
-8.42937e-08	0
5.30544e-09	0
-5.45998e-08	0
-4.71066e-08	0
-1.51019e-07	0
-2.08514e-08	0
-3.32068e-08	0
5.95608e-08	0
0.000654075	0
3.44263e-09	0
-6.52351e-09	0
5.74566e-09	0
-3.03672e-07	0
1.48248e-08	0
4.31055e-08	0
4.48869e-07	0
0.00239755	0
3.2241e-09	0
3.4371e-07	0
7.73705e-07	0
0.00472513	0
5.41698e-07	0
0.00585787	0
0.0041624	0
-4.6477e-08	0
2.36789e-08	0
4.38472e-09	0
6.37578e-08	0
-1.95853e-06	0
8.37407e-08	0
-8.20086e-07	0
1.75565e-06	0
0.00322527	0
-1.19554e-08	0
-2.02377e-06	0
-7.1493e-08	0
0.00835649	0
5.72395e-07	0
0.0114687	0
0.00850325	0
-5.11927e-07	0
-7.3204e-08	0
1.8154e-07	0
6.21778e-07	0
0.00734526	0
3.29755e-07	0
0.013149	0
0.0106602	0
-9.8155e-08	0
-1.0282e-06	0
0.0079639	0
0.00826066	0
2.27923e-07	0
0.00322749	0
-2.6238e-08	0
-2.11426e-07	0
5.72141e-08	0
-1.3781e-09	0
3.88388e-10	0
-2.65683e-09	0
7.93938e-08	0
-3.55086e-09	0
-2.14031e-09	0
-1.30291e-07	0
3.1825e-07	0
1.79062e-09	0
1.03732e-07	0
7.73609e-09	0
8.15068e-08	0
-1.89842e-08	0
2.31107e-08	0
4.38427e-08	0
0.000984796	0
5.83737e-09	0
-2.15889e-08	0
-3.66153e-08	0
-1.21108e-07	0
-1.42218e-08	0
4.14454e-08	0
5.10416e-07	0
0.00402484	0
6.11846e-08	0
-7.11801e-07	0
-1.97074e-07	0
0.00835663	0
1.48604e-07	0
0.0106665	0
0.00769515	0
-2.02094e-08	0
-1.59736e-09	0
1.02999e-08	0
9.42005e-09	0
2.17779e-07	0
9.99223e-09	0
1.14291e-07	0
-9.05308e-08	0
0.00714251	0
2.03654e-08	0
1.1565e-07	0
-2.31218e-08	0
0.0195065	0
-6.36376e-08	0
0.0275622	0
0.0207569	0
3.62316e-08	0
1.38918e-08	0
-4.69488e-09	0
9.3774e-09	0
0.0191139	0
6.83885e-10	0
0.0352352	0
0.0290112	0
-9.55242e-08	0
1.49404e-07	0
0.0224955	0
0.0236993	0
3.4083e-08	0
0.0095421	0
7.39746e-08	0
8.30126e-08	0
-2.17297e-08	0
-9.91207e-09	0
2.63883e-08	0
1.13422e-08	0
6.04682e-07	0
-7.86828e-11	0
1.46713e-08	0
-9.93988e-07	0
0.00593744	0
3.30383e-08	0
6.69528e-07	0
-1.06745e-07	0
0.0180462	0
-1.85406e-07	0
0.0268199	0
0.0207121	0
1.86474e-07	0
4.43179e-08	0
-1.05376e-09	0
-1.99938e-07	0
0.0233112	0
-3.22231e-09	0
0.0452242	0
0.0381674	0
-1.94078e-07	0
5.22854e-07	0
0.0321019	0
0.0346618	0
-2.14002e-07	0
0.0146899	0
8.03066e-09	0
3.20355e-08	0
-4.65262e-08	0
1.54281e-08	0
9.38496e-08	0
5.01302e-08	0
0.013175	0
1.64331e-07	0
0.0282799	0
0.0249208	0
-1.4108e-06	0
1.87668e-07	0
0.0264006	0
0.0297715	0
7.02234e-08	0
0.0139579	0
5.164e-07	0
1.04233e-07	0
-1.73e-07	0
1.99659e-08	0
0.0106599	0
0.0131517	0
7.03644e-07	0
0.00804084	0
4.09803e-08	0
-2.18917e-06	0
-6.55388e-08	0
0.00224754	0
2.60156e-06	0
1.40538e-08	0
5.0614e-08	0
-1.35862e-06	0
-1.16858e-08	0
-8.06504e-08	0
1.40917e-08	0
-6.93302e-10	0
-8.97139e-09	0
-1.44894e-08	0
8.55891e-08	0
-1.28833e-08	0
5.17337e-08	0
-4.56679e-08	0
4.58235e-07	0
-5.52084e-09	0
4.82727e-08	0
-3.33523e-08	0
6.96239e-07	0
-5.23488e-08	0
5.89489e-07	0
2.87787e-07	0
0.00079402	0
-1.60664e-10	0
-1.43507e-08	0
-3.28734e-08	0
3.936e-07	0
-2.57662e-08	0
2.50422e-08	0
-2.33462e-07	0
0.00342992	0
2.99825e-08	0
-1.12453e-06	0
-1.41293e-06	0
0.00734501	0
-8.12661e-07	0
0.00954552	0
0.0069522	0
1.90618e-08	0
-7.71321e-09	0
2.3656e-08	0
1.51947e-08	0
1.15951e-06	0
6.68286e-09	0
9.58002e-07	0
-1.40929e-07	0
0.00679024	0
2.93784e-08	0
8.48968e-07	0
4.53832e-08	0
0.0191146	0
-3.49938e-07	0
0.0274947	0
0.0209059	0
2.2378e-07	0
3.35071e-08	0
1.08747e-07	0
5.87899e-09	0
0.0197602	0
-4.60423e-08	0
0.037101	0
0.0308509	0
1.66996e-07	0
4.0183e-07	0
0.0244479	0
0.0260177	0
2.61898e-07	0
0.0106781	0
3.86469e-07	0
3.57366e-07	0
-2.40685e-08	0
-1.51605e-08	0
7.18773e-08	0
6.82854e-08	0
1.01666e-06	0
4.65286e-08	0
4.46849e-08	0
-1.56332e-06	0
0.0074386	0
7.49856e-08	0
8.98263e-07	0
-3.70741e-07	0
0.0233115	0
-4.5921e-07	0
0.035275	0
0.0274993	0
3.08844e-07	0
7.49985e-08	0
-9.5311e-08	0
-3.56457e-07	0
0.0318096	0
-2.84312e-08	0
0.0628407	0
0.053545	0
-1.33005e-07	0
8.3539e-07	0
0.0460331	0
0.0501863	0
-3.1386e-07	0
0.0216631	0
-6.39147e-08	0
4.49433e-08	0
-6.07673e-08	0
2.3168e-08	0
3.44611e-07	0
4.25378e-07	0
0.0200304	0
4.85442e-07	0
0.0437764	0
0.038946	0
-1.18609e-06	0
3.93988e-07	0
0.0421704	0
0.0480086	0
-1.2157e-07	0
0.0229215	0
2.71191e-07	0
2.97028e-08	0
-1.53157e-07	0
9.45338e-08	0
0.0179993	0
0.0224104	0
5.07703e-07	0
0.0139595	0
1.13406e-07	0
-1.56314e-06	0
-8.3648e-08	0
0.00402581	0
2.19646e-06	0
2.56237e-07	0
-5.25938e-09	0
-9.10657e-07	0
-5.4677e-08	0
-9.25305e-08	0
1.08081e-08	0
-4.03182e-08	0
6.01497e-08	0
-6.69287e-09	0
2.43064e-06	0
-4.28988e-08	0
-3.78661e-08	0
-3.91817e-06	0
0.00398973	0
9.76798e-08	0
2.91702e-06	0
1.65496e-08	0
0.0131758	0
-6.05345e-07	0
0.0205289	0
0.0162417	0
5.75902e-07	0
1.57799e-07	0
-2.82444e-07	0
-7.87807e-07	0
0.0200302	0
-1.72272e-07	0
0.0407493	0
0.0352481	0
-8.26549e-07	0
2.02474e-06	0
0.0314955	0
0.0348614	0
-1.80777e-06	0
0.0154992	0
-1.50168e-06	0
-6.37849e-07	0
-1.29871e-07	0
3.6126e-08	0
7.12348e-09	0
-1.71667e-08	0
0.0166529	0
1.05977e-07	0
0.0374816	0
0.0338493	0
-1.98289e-06	0
3.54452e-07	0
0.0381173	0
0.0440463	0
2.2702e-07	0
0.021657	0
9.70562e-07	0
4.86048e-07	0
-2.8547e-07	0
2.27519e-08	0
0.0181249	0
0.022896	0
1.43509e-06	0
0.0146887	0
7.39937e-07	0
-2.49812e-06	0
-1.95062e-07	0
0.0044676	0
3.83051e-06	0
1.92031e-07	0
-9.42902e-08	0
-1.94503e-06	0
-2.01553e-07	0
-2.37772e-07	0
1.89529e-08	0
1.35769e-08	0
-4.23399e-10	0
-5.25334e-08	0
0.00650396	0
-5.61834e-09	0
0.0154031	0
0.0142526	0
-8.84602e-08	0
1.07217e-07	0
0.0174155	0
0.0206203	0
4.79333e-07	0
0.0106673	0
2.54487e-07	0
-1.37488e-07	0
-5.45282e-08	0
4.44779e-09	0
0.0109225	0
0.0141427	0
9.1172e-07	0
0.00954728	0
-5.24369e-08	0
-1.37099e-06	0
-4.10891e-08	0
0.00322862	0
-1.29988e-06	0
-2.96954e-06	0
-2.59631e-08	0
-2.32395e-06	0
-4.4991e-08	0
-4.81887e-08	0
2.30983e-09	0
-1.33063e-09	0
0.00319729	0
0.00432272	0
2.28072e-06	0
0.00323032	0
3.38855e-06	0
2.19907e-06	0
-5.94934e-09	0
0.00143557	0
8.66411e-07	0
-7.67125e-08	0
8.48422e-08	0
-9.9385e-07	0
9.71261e-08	0
5.01871e-08	0
-2.91904e-09	0
0.000309076	0
-3.34925e-07	0
-9.37609e-07	0
9.01252e-08	0
-1.1983e-06	0
4.03785e-08	0
-8.03075e-08	0
6.71389e-09	0
-5.45569e-07	0
1.40381e-08	0
-1.15115e-07	0
1.66972e-08	0
-1.2481e-07	0
1.73983e-08	0
9.91818e-09	0
4.72293e-10	0
-3.7719e-10	0
4.20339e-10	0
-2.8947e-10	0
2.28038e-08	0
-5.92831e-10	0
5.16608e-11	0
-3.59433e-08	0
7.20203e-08	0
8.61794e-10	0
2.80935e-08	0
1.45261e-09	0
-1.63024e-08	0
-4.93775e-09	0
-2.73185e-08	0
-1.35769e-09	0
-1.34784e-09	0
1.94067e-09	0
-3.22274e-09	0
-6.82388e-09	0
-6.95073e-08	0
-9.92175e-10	0
1.59787e-09	0
1.75949e-07	0
-8.32981e-08	0
1.80483e-08	0
-1.80399e-07	0
1.51238e-09	0
2.57361e-08	0
8.40403e-08	0
6.83268e-08	0
4.28443e-08	0
5.16624e-05	0
3.16744e-09	0
-4.04556e-09	0
6.64432e-10	0
-1.8313e-07	0
4.37848e-09	0
1.96642e-10	0
3.03553e-07	0
-5.61025e-07	0
-2.79219e-09	0
-2.43844e-07	0
-8.71542e-09	0
7.2767e-08	0
5.30283e-08	0
2.5006e-07	0
1.03175e-07	0
0.000291522	0
-8.12998e-09	0
1.20764e-08	0
5.43657e-08	0
1.83054e-07	0
2.32285e-08	0
4.20562e-10	0
-7.11203e-07	0
0.000821485	0
-1.3893e-07	0
9.15362e-07	0
1.64947e-08	0
0.00146207	0
-5.32487e-07	0
0.00172915	0
0.00120295	0
-3.18359e-08	0
3.17436e-10	0
-1.05536e-09	0
-1.33929e-09	0
-1.12159e-08	0
-5.39626e-10	0
2.43055e-09	0
3.25623e-08	0
-3.76851e-08	0
6.35852e-10	0
-3.15854e-08	0
-2.4986e-09	0
-2.37047e-08	0
8.29805e-09	0
-3.81605e-09	0
1.45072e-09	0
0.000789882	0
1.896e-09	0
-5.02676e-09	0
5.95425e-09	0
-1.52555e-07	0
8.04755e-09	0
-7.88095e-08	0
1.08017e-07	0
0.00294142	0
-1.2196e-08	0
-2.1244e-07	0
-1.03926e-07	0
0.00585748	0
-5.41409e-08	0
0.00730954	0
0.00521281	0
-5.5612e-08	0
2.62254e-08	0
-3.27354e-08	0
1.39009e-08	0
-1.5359e-06	0
4.10529e-08	0
4.20049e-08	0
2.56258e-06	0
0.00407097	0
-4.53232e-08	0
-1.92045e-06	0
-5.04158e-09	0
0.0106657	0
4.17551e-07	0
0.0147402	0
0.0109717	0
-5.59386e-07	0
-9.38608e-08	0
2.20852e-07	0
5.9746e-07	0
0.00954543	0
1.66236e-07	0
0.0172088	0
0.0140069	0
-6.60898e-08	0
-1.23513e-06	0
0.0105402	0
0.0109766	0
3.19124e-07	0
0.00431958	0
4.41291e-08	0
-1.80379e-07	0
6.52426e-08	0
-1.31365e-09	0
-3.74057e-09	0
-8.52041e-09	0
7.84935e-08	0
-8.44622e-09	0
7.47514e-09	0
-1.14402e-07	0
3.91377e-07	0
-1.07452e-09	0
1.07632e-07	0
1.67917e-08	0
2.42226e-07	0
-1.5859e-08	0
1.33513e-07	0
6.77427e-08	0
0.00131178	0
4.57335e-09	0
-2.77684e-08	0
-4.72945e-08	0
-9.58868e-09	0
-2.75757e-08	0
-5.02381e-08	0
2.49596e-07	0
0.00546054	0
5.01767e-08	0
-1.05025e-06	0
-7.52693e-07	0
0.0114686	0
-2.21002e-07	0
0.0147411	0
0.0106747	0
-1.69525e-08	0
-4.12777e-09	0
1.3519e-08	0
7.2562e-09	0
6.6771e-07	0
4.84564e-09	0
5.64723e-07	0
-2.10955e-08	0
0.00998009	0
2.41868e-08	0
5.25166e-07	0
1.34209e-07	0
0.0275623	0
-1.18342e-07	0
0.039212	0
0.0296406	0
1.15678e-07	0
2.24991e-08	0
1.02351e-07	0
1.06477e-07	0
0.0274944	0
4.19819e-08	0
0.0510378	0
0.0421831	0
-4.90684e-09	0
2.9515e-07	0
0.03296	0
0.034859	0
1.50952e-07	0
0.0141368	0
2.29805e-07	0
2.26933e-07	0
-2.65334e-08	0
-4.29133e-09	0
3.32069e-08	0
3.36932e-08	0
3.01125e-07	0
2.41524e-08	0
4.28281e-09	0
-5.31554e-07	0
0.00873083	0
2.99783e-08	0
1.16091e-07	0
-3.50415e-07	0
0.0268204	0
-2.48884e-07	0
0.0401228	0
0.0310938	0
8.23985e-08	0
2.66991e-08	0
2.13238e-09	0
-1.649e-07	0
0.035275	0
1.2946e-09	0
0.0689037	0
0.0583666	0
-1.48455e-07	0
2.62913e-07	0
0.0494892	0
0.0536395	0
-5.54941e-08	0
0.0228978	0
1.55266e-07	0
6.62567e-08	0
-3.1067e-08	0
1.20658e-08	0
1.50635e-07	0
1.22582e-07	0
0.0205284	0
2.44063e-07	0
0.0443734	0
0.039253	0
-1.21697e-06	0
2.04558e-07	0
0.0419142	0
0.0474497	0
-2.19251e-08	0
0.0224095	0
3.67495e-07	0
2.07062e-08	0
-1.42485e-07	0
4.19606e-08	0
0.0172396	0
0.0213493	0
5.20008e-07	0
0.0131517	0
-1.49185e-08	0
-1.85669e-06	0
-5.06499e-08	0
0.00371911	0
2.19361e-06	0
4.36194e-08	0
4.71328e-08	0
-1.0929e-06	0
-4.90773e-09	0
-6.45539e-08	0
1.18691e-08	0
-3.98214e-11	0
-1.21142e-09	0
-1.86354e-09	0
2.46777e-08	0
-1.53552e-09	0
2.05556e-08	0
-1.67858e-09	0
3.62434e-08	0
-1.06565e-09	0
-2.70152e-09	0
-2.35522e-08	0
5.52239e-08	0
-2.43998e-08	0
3.28677e-08	0
-7.43955e-10	0
0.00137896	0
-1.42575e-09	0
9.97125e-09	0
1.13955e-08	0
5.82598e-08	0
5.35432e-09	0
-6.67621e-08	0
-1.99281e-07	0
0.00606722	0
1.26702e-08	0
-3.39361e-08	0
-1.42779e-07	0
0.0131481	0
-9.19162e-08	0
0.0172087	0
0.0125808	0
2.80897e-08	0
-1.14794e-08	0
1.2477e-08	0
-8.64828e-09	0
7.63033e-07	0
-1.73101e-08	0
8.10676e-08	0
-1.00721e-06	0
0.012372	0
2.35976e-08	0
9.39807e-07	0
1.50682e-07	0
0.0352358	0
-1.36961e-07	0
0.0510381	0
0.0389522	0
2.56902e-07	0
4.1525e-08	0
-6.74741e-08	0
-1.28475e-07	0
0.0371018	0
-3.83676e-08	0
0.0701439	0
0.0585444	0
7.62324e-08	0
5.70089e-07	0
0.0467487	0
0.0499343	0
-5.88235e-08	0
0.0206337	0
1.30158e-08	0
1.61974e-07	0
-2.49259e-08	0
-2.30448e-09	0
7.96419e-09	0
7.67663e-09	0
1.00383e-07	0
8.28212e-09	0
-2.55689e-09	0
-2.73253e-07	0
0.014269	0
1.30876e-08	0
1.31571e-07	0
-9.53173e-08	0
0.0452241	0
-3.7277e-08	0
0.068903	0
0.0539062	0
5.90302e-08	0
1.44986e-08	0
1.05692e-08	0
-1.33443e-07	0
0.0628398	0
1.96927e-08	0
0.12499	0
0.106888	0
-3.88352e-09	0
1.24598e-07	0
0.092617	0
0.101344	0
-5.09753e-08	0
0.0440478	0
6.68771e-08	0
-2.80501e-08	0
-1.91803e-08	0
1.07384e-08	0
7.09053e-08	0
-5.93409e-09	0
0.0407498	0
8.07473e-08	0
0.089675	0
0.0800798	0
-1.72107e-07	0
4.98626e-08	0
0.0873768	0
0.0998481	0
-3.47702e-08	0
0.0480093	0
7.8659e-08	0
-3.72768e-08	0
-3.26404e-08	0
4.61524e-09	0
0.0379724	0
0.0474505	0
5.46614e-08	0
0.0297717	0
3.29353e-08	0
-2.55727e-07	0
-2.08171e-08	0
0.00868274	0
3.03769e-07	0
-2.46808e-08	0
-5.17649e-09	0
-1.38052e-07	0
-7.14118e-09	0
-1.23429e-08	0
1.63907e-09	0
-5.83905e-08	0
6.84157e-08	0
-3.7167e-08	0
3.53265e-06	0
-8.76388e-08	0
1.0769e-08	0
-5.58182e-06	0
0.00846518	0
1.25333e-07	0
4.33844e-06	0
1.80578e-07	0
0.0282805	0
-8.08715e-07	0
0.0443737	0
0.0352324	0
1.26996e-06	0
2.21886e-07	0
-4.12187e-07	0
-1.14142e-06	0
0.0437769	0
-3.01269e-07	0
0.0896751	0
0.0778518	0
-2.06093e-08	0
2.87972e-06	0
0.0701161	0
0.077895	0
-6.80398e-07	0
0.0348718	0
-3.28375e-08	0
5.3608e-07	0
-1.72869e-07	0
4.75135e-08	0
-1.14823e-07	0
-1.77956e-07	0
0.0374817	0
-1.57241e-08	0
0.0849438	0
0.0770001	0
-2.67203e-06	0
4.18142e-07	0
0.0873712	0
0.101342	0
2.22048e-07	0
0.0501815	0
1.02737e-06	0
4.08614e-07	0
-3.45718e-07	0
2.57902e-09	0
0.0423016	0
0.0536373	0
1.38277e-06	0
0.034662	0
-1.99344e-08	0
-4.26685e-06	0
-1.24083e-07	0
0.0106651	0
4.95664e-06	0
-4.72652e-09	0
1.30108e-07	0
-2.71691e-06	0
2.47692e-08	0
-1.20381e-07	0
2.66677e-08	0
1.69729e-08	0
-2.5425e-09	0
-9.16621e-08	0
0.0154027	0
-1.21173e-08	0
0.0367309	0
0.0341159	0
-1.69831e-07	0
1.41316e-07	0
0.0420051	0
0.0499246	0
-4.19136e-08	0
0.0260105	0
4.70842e-08	0
-1.7968e-08	0
-3.66955e-08	0
4.58622e-09	0
0.0268252	0
0.0348646	0
6.78758e-08	0
0.0237039	0
-3.13906e-08	0
-3.24905e-07	0
-1.76585e-08	0
0.00811004	0
1.81489e-07	0
-1.76154e-07	0
3.46405e-09	0
-2.36516e-07	0
-9.28252e-10	0
-9.44491e-09	0
1.17575e-09	0
-1.13017e-09	0
0.00808819	0
0.0109753	0
3.59082e-08	0
0.00825915	0
1.6133e-07	0
2.95593e-07	0
-4.88254e-08	0
0.00371406	0
-1.37983e-07	0
3.68932e-08	0
-8.34229e-09	0
7.71675e-08	0
6.23694e-09	0
6.23856e-10	0
-5.84878e-09	0
0.000812425	0
-5.46023e-09	0
-9.7617e-09	0
3.98679e-08	0
-1.90351e-08	0
1.71373e-08	0
-6.49141e-08	0
-4.77819e-10	0
-3.78889e-08	0
7.64824e-08	0
-1.57987e-08	0
3.26941e-09	0
-5.91169e-08	0
1.16371e-09	0
-1.37782e-09	0
5.23637e-10	0
6.16412e-10	0
-3.21346e-08	0
-4.4776e-08	0
3.99261e-08	0
-3.70025e-08	0
1.11083e-07	0
1.25569e-07	0
8.15991e-07	0
-2.22662e-08	0
-3.29753e-08	0
-3.38125e-08	0
2.07857e-06	0
-5.00366e-08	0
1.80652e-06	0
7.73796e-07	0
0.000796655	0
-1.11897e-08	0
-5.13112e-08	0
-8.84246e-08	0
1.52112e-06	0
-9.7804e-08	0
-4.31419e-08	0
-1.80039e-06	0
0.00360622	0
-7.19308e-08	0
-2.56314e-06	0
-4.58918e-06	0
0.00796413	0
-3.19977e-06	0
0.010541	0
0.00775181	0
7.20458e-08	0
-3.77913e-09	0
5.12286e-08	0
6.38302e-08	0
2.49262e-06	0
4.77311e-08	0
3.23507e-06	0
1.67596e-06	0
0.00774583	0
3.17844e-08	0
1.35499e-06	0
2.59514e-07	0
0.0224952	0
-7.45966e-07	0
0.0329594	0
0.0253075	0
2.88217e-07	0
1.95488e-08	0
7.25732e-07	0
6.54426e-07	0
0.0244483	0
1.39205e-07	0
0.0467482	0
0.0392527	0
7.45777e-07	0
2.44195e-07	0
0.0317486	0
0.0341132	0
1.09446e-06	0
0.0142518	0
1.25579e-06	0
9.3989e-07	0
1.05023e-08	0
3.23127e-08	0
1.29535e-07	0
2.61619e-07	0
-1.64372e-06	0
2.51877e-07	0
-7.33756e-08	0
2.59467e-06	0
0.00993177	0
4.32176e-08	0
-3.3111e-06	0
-1.59139e-06	0
0.0321034	0
-5.48189e-07	0
0.0494911	0
0.0389542	0
-6.85249e-07	0
-8.25573e-08	0
1.11278e-07	0
4.70175e-07	0
0.046033	0
2.10739e-07	0
0.0926175	0
0.0796839	0
8.14218e-08	0
-1.34494e-06	0
0.0699605	0
0.0770156	0
3.55867e-07	0
0.0338546	0
4.63393e-08	0
-2.73488e-07	0
9.87093e-08	0
-2.23734e-08	0
1.07847e-06	0
1.61096e-06	0
0.0314952	0
1.3697e-06	0
0.0701154	0
0.0630043	0
1.83716e-06	0
5.9521e-07	0
0.069645	0
0.0800801	0
-7.80051e-07	0
0.0389547	0
-1.36791e-06	0
-5.91293e-07	0
2.40486e-07	0
3.21876e-07	0
0.0312296	0
0.03926	0
-1.31314e-06	0
0.0249276	0
9.70804e-08	0
3.70285e-06	0
1.31541e-08	0
0.00740881	0
-3.45379e-06	0
7.45583e-07	0
-2.4754e-07	0
2.62025e-06	0
-1.85029e-07	0
-1.81985e-08	0
-2.15501e-08	0
-1.56561e-08	0
5.12833e-08	0
3.68985e-08	0
9.6911e-07	0
1.30801e-08	0
-7.23062e-08	0
-1.58315e-06	0
0.00774821	0
5.28417e-08	0
1.01269e-06	0
-1.34719e-07	0
0.0264005	0
-3.53392e-07	0
0.0419144	0
0.0334768	0
7.44203e-09	0
6.44584e-08	0
-1.58055e-07	0
-2.90807e-07	0
0.0421718	0
-8.46815e-08	0
0.0873777	0
0.0763121	0
-8.84173e-07	0
8.0564e-07	0
0.0696454	0
0.0778364	0
-1.61735e-06	0
0.0352404	0
-1.65359e-06	0
-9.07974e-07	0
-4.76667e-08	0
9.13617e-09	0
9.10966e-08	0
2.27296e-07	0
0.0381177	0
1.87953e-07	0
0.0873716	0
0.0796868	0
-8.35024e-07	0
2.50103e-07	0
0.0915897	0
0.106888	0
1.63027e-07	0
0.0535399	0
5.21703e-07	0
4.04822e-07	0
-1.32669e-07	0
6.07218e-08	0
0.0457501	0
0.0583643	0
9.21291e-07	0
0.0381648	0
8.72389e-07	0
-4.86639e-07	0
-1.53558e-07	0
0.0119708	0
1.79214e-06	0
3.72916e-07	0
-1.81645e-07	0
-7.16666e-07	0
-2.53334e-07	0
-2.14602e-07	0
7.17111e-09	0
-1.34923e-09	0
1.26667e-08	0
-4.12031e-08	0
0.0174162	0
2.42027e-09	0
0.0420062	0
0.0392549	0
7.21611e-07	0
1.08134e-08	0
0.048957	0
0.0585455	0
3.72648e-07	0
0.0308541	0
-1.36209e-07	0
-3.60647e-07	0
5.03752e-08	0
1.67033e-10	0
0.0322566	0
0.0421798	0
5.08887e-07	0
0.0290089	0
-1.18346e-07	0
-2.09584e-07	0
-1.2735e-08	0
0.0101181	0
-3.01717e-06	0
-3.28692e-06	0
-8.64597e-08	0
-1.69274e-06	0
-7.70012e-08	0
-2.75293e-08	0
-5.6373e-09	0
2.97409e-09	0
0.0102678	0
0.0140161	0
2.51033e-06	0
0.0106675	0
3.74331e-06	0
2.44191e-06	0
1.56138e-08	0
0.00489058	0
9.97728e-07	0
-6.32146e-09	0
1.02367e-07	0
-1.03313e-06	0
1.21786e-07	0
7.16259e-08	0
-2.07272e-09	0
0.00110103	0
-3.24744e-07	0
-9.70019e-07	0
6.61988e-08	0
-1.26179e-06	0
1.86863e-08	0
-7.5064e-08	0
7.10424e-09	0
-5.57686e-07	0
-2.54007e-09	0
-1.0369e-07	0
1.74177e-08	0
-1.02121e-07	0
1.87664e-08	0
1.13554e-08	0
3.6711e-10	0
6.94783e-09	0
-3.12375e-10	0
1.77067e-08	0
-4.2049e-07	0
2.27956e-08	0
-4.80832e-08	0
6.52554e-07	0
0.00303009	0
-5.24174e-09	0
-5.48674e-07	0
-1.66652e-08	0
0.0106595	0
8.04546e-08	0
0.0172402	0
0.0138957	0
-1.37953e-07	0
-2.44589e-08	0
-1.04399e-08	0
1.33576e-07	0
0.0179988	0
-1.07937e-08	0
0.0379719	0
0.0334752	0
-1.4204e-08	0
-3.60067e-07	0
0.0312309	0
0.0352343	0
1.50059e-07	0
0.0162416	0
3.82633e-08	0
8.91604e-09	0
1.41875e-08	0
-1.89107e-09	0
4.23687e-08	0
1.41582e-07	0
0.0181244	0
2.95532e-08	0
0.0423011	0
0.0389515	0
-1.75256e-07	0
-4.02792e-08	0
0.0457501	0
0.0539059	0
3.82624e-08	0
0.0274986	0
3.57887e-08	0
6.08236e-08	0
-1.877e-08	0
1.79339e-09	0
0.024141	0
0.0310938	0
8.22865e-08	0
0.0207127	0
-2.40611e-08	0
-2.25621e-07	0
-1.00658e-08	0
0.00670459	0
3.32721e-07	0
9.0895e-08	0
2.53203e-09	0
-1.35448e-07	0
-4.20328e-09	0
-9.99648e-09	0
1.57664e-09	0
-3.03104e-09	0
3.49081e-08	0
1.51903e-08	0
0.0109225	0
3.11689e-08	0
0.0268251	0
0.0253089	0
3.12946e-08	0
-4.3695e-08	0
0.0322563	0
0.0389452	0
-6.60381e-08	0
0.0209003	0
-6.38961e-08	0
-7.56287e-08	0
5.85526e-09	0
-1.14052e-08	0
0.022454	0
0.0296446	0
-8.86385e-08	0
0.02076	0
-4.04724e-08	0
5.74404e-08	0
7.88418e-10	0
0.00747188	0
-3.5014e-08	0
7.33865e-08	0
-7.53457e-09	0
1.22099e-07	0
-7.0637e-09	0
-1.94065e-09	0
-7.03271e-11	0
1.96491e-09	0
0.00796065	0
0.01097	0
-6.2438e-08	0
0.00850136	0
-1.02867e-07	0
-1.05855e-07	0
1.4886e-08	0
0.00402136	0
4.14125e-08	0
3.85526e-08	0
-1.06519e-08	0
3.26448e-08	0
-1.84603e-08	0
-1.20979e-08	0
2.63301e-09	0
0.000955835	0
6.06283e-08	0
8.46262e-08	0
-2.94056e-09	0
6.89832e-08	0
1.12425e-08	0
3.88842e-08	0
1.35718e-10	0
3.3599e-08	0
-3.87474e-08	0
-5.20838e-09	0
-2.06815e-09	0
1.46565e-08	0
-1.46694e-09	0
1.54282e-10	0
-2.62827e-10	0
9.53682e-09	0
7.34376e-09	0
-3.02527e-08	0
0.00319719	0
1.98596e-08	0
0.00808862	0
0.00774653	0
-8.24283e-07	0
5.46077e-08	0
0.0102676	0
0.0125837	0
-3.08629e-08	0
0.00695282	0
2.24842e-07	0
3.79538e-08	0
-1.04816e-07	0
-2.57611e-09	0
0.00796105	0
0.0106726	0
3.02521e-07	0
0.00769398	0
-8.844e-08	0
-1.29306e-06	0
-5.29133e-08	0
0.00292195	0
1.55663e-06	0
1.3854e-07	0
2.83318e-09	0
-6.83459e-07	0
-3.66732e-08	0
-6.60738e-08	0
8.25786e-09	0
-7.25723e-10	0
0.00372554	0
0.00521351	0
-8.19516e-08	0
0.00416277	0
-1.54582e-07	0
-2.15999e-07	0
-1.22671e-08	0
0.00207869	0
1.60088e-07	0
8.22518e-08	0
7.26318e-09	0
2.52625e-08	0
1.09625e-08	0
3.3941e-09	0
-9.08186e-10	0
0.000553353	0
7.39687e-08	0
1.11031e-07	0
1.86856e-08	0
9.88341e-08	0
2.3848e-08	0
3.79209e-09	0
-2.21586e-09	0
5.29738e-08	0
2.81804e-08	0
1.154e-08	0
-5.59911e-09	0
-3.83011e-09	0
-7.4908e-09	0
-5.38246e-09	0
2.54329e-10	0
1.07049e-09	0
0.00083715	0
0.00120328	0
-1.03439e-08	0
0.00101751	0
-4.53978e-08	0
-1.12186e-07	0
-5.30793e-08	0
0.000571998	0
5.59171e-08	0
-4.32151e-08	0
2.72923e-08	0
-7.52965e-08	0
2.74094e-08	0
-3.16623e-09	0
-5.89137e-09	0
0.000202965	0
-2.3549e-09	0
-1.08113e-08	0
5.46308e-08	0
-1.99103e-08	0
-6.19633e-09	0
-1.32133e-07	0
5.55265e-10	0
-2.13496e-08	0
5.90272e-08	0
-9.13659e-08	0
2.42437e-09	0
-1.24721e-07	0
-1.58126e-09	0
-4.07481e-09	0
9.80352e-10	0
3.59685e-05	0
-2.23318e-08	0
-3.16146e-08	0
8.13692e-08	0
-2.76744e-08	0
1.02372e-07	0
3.46135e-08	0
2.12402e-08	0
-1.95708e-08	0
5.91638e-08	0
-2.01095e-09	0
1.20294e-09	0
-4.38481e-08	0
-4.65286e-09	0
-1.17912e-09	0
2.5681e-09	0
-6.49665e-09	0
-8.05592e-09	0
-3.01854e-08	0
-8.49663e-09	0
-3.9947e-08	0
1.15372e-09	0
3.12624e-08	0
1.0829e-09	0
-1.1632e-08	0
-3.83008e-08	0
-2.79423e-09	0
-5.65499e-10	0
1.8097e-08	0
3.2361e-10	0
1.24708e-09	0
-1.98986e-10	0
-2.5127e-10	0
1.1855e-09	0
1.10758e-09	0
1.31932e-08	0
7.02355e-10	0
-3.0921e-09	0
-2.59836e-08	0
2.06762e-08	0
1.18883e-09	0
1.79291e-08	0
1.26542e-09	0
-7.05746e-08	0
-2.0093e-09	0
-6.95348e-08	0
-2.35753e-08	0
-6.44799e-08	0
1.5245e-09	0
-7.7899e-10	0
-1.99265e-09	0
-8.66534e-08	0
1.97688e-09	0
1.79125e-09	0
1.59841e-07	0
-2.25744e-07	0
1.32921e-08	0
-3.8546e-08	0
1.32163e-07	0
-2.61206e-07	0
1.43663e-07	0
-2.6592e-07	0
-1.81517e-07	0
3.59501e-05	0
2.21811e-09	0
-4.14384e-09	0
-1.30896e-09	0
-1.94351e-07	0
1.67865e-09	0
-9.52789e-08	0
1.52799e-07	0
-4.05058e-07	0
-2.68967e-09	0
-2.00967e-07	0
-1.12968e-08	0
5.59672e-08	0
5.81408e-08	0
1.97851e-07	0
9.38123e-08	0
0.00020286	0
-5.92217e-09	0
-9.85653e-09	0
2.3903e-08	0
1.94151e-07	0
1.63327e-08	0
9.13407e-08	0
-4.38477e-07	0
0.000571642	0
-9.76229e-08	0
6.36723e-07	0
-1.42992e-08	0
0.00101741	0
-4.03951e-07	0
0.00120325	0
0.000837087	0
-2.21948e-08	0
2.14416e-10	0
-5.87775e-09	0
-8.33172e-09	0
-1.49485e-08	0
-6.64076e-09	0
5.8214e-09	0
3.62975e-08	0
6.06512e-08	0
-3.06219e-09	0
4.00689e-09	0
3.77194e-08	0
1.99188e-07	0
3.12519e-08	0
1.6947e-07	0
6.25953e-08	0
0.00055325	0
8.06831e-11	0
-8.3684e-10	0
5.30791e-09	0
1.5082e-07	0
1.73411e-09	0
5.27461e-08	0
-5.40629e-08	0
0.00207832	0
-1.64861e-08	0
-4.97834e-07	0
-6.96481e-07	0
0.0041626	0
-4.94031e-07	0
0.00521334	0
0.00372532	0
-3.89764e-08	0
1.74873e-08	0
-5.01688e-08	0
-3.33334e-08	0
-5.39551e-07	0
-1.12349e-08	0
7.14627e-07	0
2.12287e-06	0
0.00291955	0
-5.39983e-08	0
-1.15223e-06	0
-1.13651e-07	0
0.00769518	0
1.91984e-09	0
0.0106748	0
0.00796222	0
-3.71092e-07	0
-7.21111e-08	0
3.25709e-08	0
1.4405e-07	0
0.00695266	0
-1.83004e-07	0
0.0125816	0
0.0102621	0
-2.58145e-08	0
-9.52659e-07	0
0.00775175	0
0.00808955	0
2.40593e-07	0
0.00319547	0
5.90087e-08	0
-9.88438e-08	0
4.45688e-08	0
-6.60543e-10	0
-1.06737e-11	0
-1.65074e-09	0
2.75436e-08	0
-2.02745e-09	0
-1.00413e-08	0
-6.30957e-08	0
1.64389e-07	0
7.2521e-10	0
5.54103e-08	0
1.76791e-08	0
4.90493e-08	0
1.93417e-09	0
2.69888e-08	0
3.4116e-08	0
0.000956218	0
2.80139e-09	0
-1.37978e-08	0
-2.15097e-08	0
-3.64864e-08	0
-1.18204e-08	0
4.51451e-08	0
2.52634e-07	0
0.00402214	0
2.46072e-08	0
-3.56593e-07	0
-1.24024e-07	0
0.00850281	0
4.55792e-08	0
0.0109719	0
0.00796194	0
-1.35172e-08	0
-3.50294e-09	0
1.48277e-09	0
-7.72352e-09	0
3.16009e-07	0
-8.53393e-09	0
9.23312e-08	0
-2.85975e-07	0
0.00746954	0
1.0674e-08	0
2.46923e-07	0
-3.45216e-08	0
0.0207564	0
-1.13529e-07	0
0.0296399	0
0.0224505	0
7.76246e-08	0
1.51383e-08	0
-8.74879e-08	0
-1.17231e-07	0
0.0209055	0
-8.47108e-08	0
0.0389516	0
0.0322592	0
-3.77841e-08	0
1.84938e-07	0
0.0253078	0
0.0268206	0
1.18043e-09	0
0.0109178	0
3.82907e-08	0
8.45694e-08	0
-1.75025e-08	0
1.55508e-09	0
-2.66794e-09	0
-2.80346e-09	0
-5.52976e-08	0
-1.19105e-09	0
9.20378e-08	0
1.77317e-07	0
0.00670411	0
-3.54365e-09	0
-9.2784e-08	0
-3.74174e-08	0
0.0207121	0
1.92984e-08	0
0.0310935	0
0.0241409	0
-2.80683e-08	0
-3.96753e-09	0
9.65974e-08	0
4.98815e-08	0
0.0274991	0
6.54314e-08	0
0.0539065	0
0.0457502	0
-4.68664e-08	0
-4.84551e-08	0
0.0389528	0
0.042302	0
8.45497e-08	0
0.0181245	0
1.85248e-07	0
5.37942e-08	0
-5.56755e-09	0
3.07998e-09	0
2.54876e-08	0
-3.25238e-08	0
0.0162417	0
4.71244e-08	0
0.0352329	0
0.0312278	0
-5.00036e-07	0
3.23306e-08	0
0.0334771	0
0.0379721	0
2.22157e-08	0
0.0179988	0
1.97675e-07	0
6.11457e-09	0
-5.46719e-08	0
1.23821e-09	0
0.0138952	0
0.0172393	0
2.07711e-07	0
0.0106591	0
-3.86371e-08	0
-8.40658e-07	0
-6.52307e-09	0
0.00303115	0
8.86955e-07	0
-5.32337e-08	0
4.45271e-08	0
-4.93339e-07	0
2.58603e-08	0
-8.59395e-09	0
5.1368e-09	0
8.17901e-10	0
2.63692e-08	0
3.97466e-08	0
-1.11051e-07	0
3.44092e-08	0
-9.21532e-08	0
2.09274e-08	0
-9.7994e-07	0
1.66983e-08	0
-7.29335e-08	0
2.25679e-08	0
-1.77051e-06	0
5.94172e-08	0
-1.48189e-06	0
-6.72366e-07	0
0.00109918	0
2.20746e-09	0
5.97296e-08	0
1.06792e-07	0
-1.03866e-06	0
8.82512e-08	0
3.93098e-08	0
8.75021e-07	0
0.00488592	0
1.85621e-09	0
2.92889e-06	0
4.00554e-06	0
0.0106593	0
2.48396e-06	0
0.0140068	0
0.0102615	0
-5.95475e-09	0
-7.22689e-09	0
-3.64141e-08	0
-6.71452e-08	0
-1.5226e-06	0
-6.26451e-08	0
-2.85263e-06	0
-2.45283e-06	0
0.0101211	0
-1.69234e-08	0
-3.79406e-07	0
-1.43121e-07	0
0.0290116	0
4.71876e-07	0
0.0421836	0
0.03226	0
-1.49592e-08	0
1.45976e-08	0
-7.66294e-07	0
-7.34484e-07	0
0.0308521	0
-2.19648e-07	0
0.0585458	0
0.0489613	0
-4.61251e-07	0
2.43552e-07	0
0.0392543	0
0.0420108	0
-1.03902e-06	0
0.0174214	0
-1.19255e-06	0
-7.10969e-07	0
-1.05086e-08	0
1.21205e-08	0
-1.60728e-07	0
-2.00476e-07	0
-1.03812e-06	0
-1.56003e-07	0
9.4525e-08	0
1.5763e-06	0
0.011969	0
-1.26441e-07	0
-7.88892e-08	0
1.23127e-06	0
0.0381665	0
1.05213e-06	0
0.0583651	0
0.0457492	0
-2.50843e-07	0
-8.02295e-08	0
2.44945e-07	0
3.22557e-07	0
0.0535434	0
7.08373e-08	0
0.106886	0
0.0915818	0
9.84203e-08	0
-8.16538e-07	0
0.0796827	0
0.0873589	0
1.91634e-07	0
0.0381068	0
6.62179e-08	0
-1.60924e-07	0
3.77729e-08	0
-1.29548e-08	0
-8.30372e-07	0
-1.31316e-06	0
0.0352486	0
-1.1776e-06	0
0.0778522	0
0.0696599	0
1.1028e-06	0
-8.21028e-07	0
0.0763125	0
0.0873769	0
4.43117e-07	0
0.0421679	0
2.09002e-07	0
1.25042e-07	0
1.21707e-07	0
-2.7632e-07	0
0.0334756	0
0.0419111	0
-2.45957e-07	0
0.0263952	0
-1.59365e-08	0
1.07899e-06	0
1.00173e-07	0
0.00774288	0
-1.9723e-06	0
-6.7089e-07	0
8.1392e-08	0
4.47365e-07	0
1.41451e-07	0
1.41133e-07	0
-8.27908e-09	0
-3.57191e-08	0
8.00471e-09	0
-7.18243e-08	0
2.14757e-06	0
-9.69047e-08	0
5.03229e-08	0
-3.32598e-06	0
0.00741254	0
5.09024e-08	0
2.7867e-06	0
3.08071e-07	0
0.0249204	0
-3.86958e-07	0
0.0392524	0
0.0312269	0
1.23122e-06	0
1.2587e-07	0
-2.36334e-07	0
-6.74e-07	0
0.0389464	0
-2.10569e-07	0
0.0800799	0
0.0696595	0
1.20338e-06	0
1.71537e-06	0
0.0630049	0
0.0701339	0
1.58257e-06	0
0.0315141	0
2.18497e-06	0
1.8203e-06	0
-9.10673e-08	0
2.46076e-08	0
-2.14248e-07	0
-2.97974e-07	0
0.0338493	0
-2.05052e-07	0
0.077	0
0.0699415	0
-1.47535e-06	0
1.42209e-07	0
0.0796867	0
0.0926171	0
-1.62239e-08	0
0.0460347	0
1.71651e-07	0
-1.28463e-07	0
-1.43834e-07	0
-3.7881e-08	0
0.0389517	0
0.0494885	0
6.97418e-08	0
0.0321047	0
-1.30765e-06	0
-3.49913e-06	0
9.55081e-08	0
0.00993837	0
2.36069e-06	0
-4.52208e-07	0
3.74899e-07	0
-1.66757e-06	0
3.64294e-07	0
1.71097e-07	0
1.59277e-08	0
8.2336e-09	0
2.30153e-08	0
-3.03122e-08	0
0.0142518	0
2.1844e-08	0
0.0341154	0
0.0317524	0
-1.79044e-07	0
9.14439e-08	0
0.0392548	0
0.0467526	0
-6.51153e-07	0
0.0244514	0
-8.82157e-08	0
3.33027e-07	0
1.42474e-08	0
7.11951e-09	0
0.0253095	0
0.0329619	0
-1.11041e-06	0
0.0224964	0
2.32508e-07	0
1.57666e-06	0
3.70021e-08	0
0.00774518	0
2.54714e-06	0
4.33919e-06	0
6.18752e-08	0
3.09649e-06	0
8.15066e-08	0
6.30446e-08	0
-7.30245e-10	0
1.13817e-09	0
0.00774567	0
0.0105318	0
-3.43301e-06	0
0.00795586	0
-4.96431e-06	0
-2.94275e-06	0
-6.79095e-08	0
0.0036009	0
-1.64976e-06	0
3.45658e-08	0
-1.40716e-07	0
1.55316e-06	0
-1.3797e-07	0
-7.66674e-08	0
-4.93387e-09	0
0.00079475	0
4.09222e-07	0
1.28916e-06	0
-7.07375e-08	0
1.70525e-06	0
-3.30693e-08	0
1.71343e-08	0
-1.10999e-08	0
7.34415e-07	0
9.77738e-08	0
1.44501e-07	0
-2.04876e-08	0
9.16448e-08	0
-2.49917e-08	0
-1.75592e-08	0
1.16695e-10	0
1.52764e-09	0
-1.22694e-10	0
3.33687e-09	0
-1.08784e-07	0
4.51277e-09	0
-1.68995e-08	0
1.43338e-07	0
-3.45659e-07	0
-1.61159e-09	0
-1.10669e-07	0
1.4141e-08	0
-3.60985e-08	0
4.09094e-08	0
4.48769e-08	0
-1.05538e-08	0
0.000812812	0
-6.93519e-09	0
6.72383e-09	0
2.22449e-08	0
2.42944e-07	0
-1.07211e-09	0
6.03634e-08	0
-5.68038e-07	0
0.00371534	0
-7.81987e-08	0
8.45936e-07	0
2.10128e-07	0
0.00826082	0
-2.02922e-07	0
0.0109773	0
0.00808962	0
3.83743e-08	0
-9.14151e-10	0
-3.2897e-10	0
-1.27679e-09	0
-3.88342e-08	0
-3.85865e-09	0
-1.83621e-07	0
-2.00905e-07	0
0.00810567	0
-8.00134e-09	0
-1.47635e-08	0
-5.20685e-08	0
0.0236985	0
-5.48458e-08	0
0.034858	0
0.0268201	0
1.58839e-08	0
-3.10356e-09	0
-8.66102e-08	0
-4.85812e-08	0
0.0260184	0
-5.84145e-08	0
0.0499347	0
0.04201	0
1.2253e-07	0
-1.9822e-08	0
0.0341144	0
0.0367239	0
-6.86595e-08	0
0.0153947	0
-1.60695e-07	0
-5.56021e-08	0
2.21346e-08	0
5.07634e-08	0
-6.55765e-08	0
2.50456e-08	0
-3.07764e-06	0
6.76202e-08	0
4.44894e-08	0
4.90212e-06	0
0.0106554	0
-1.19954e-07	0
-3.67741e-06	0
-6.0879e-08	0
0.0346624	0
7.49072e-07	0
0.0536405	0
0.0423026	0
-1.10811e-06	0
-1.97528e-07	0
4.10345e-07	0
1.02297e-06	0
0.0501853	0
2.88627e-07	0
0.101343	0
0.0873588	0
1.20502e-07	0
-2.52128e-06	0
0.0770147	0
0.0849429	0
5.2979e-07	0
0.037472	0
-7.30119e-08	0
-5.44455e-07	0
1.66509e-07	0
-4.95028e-08	0
5.32347e-08	0
1.00843e-07	0
0.0348612	0
-7.25483e-08	0
0.0778949	0
0.070134	0
3.32903e-06	0
-4.19558e-07	0
0.0778375	0
0.0896757	0
-2.41814e-07	0
0.0437817	0
-1.21589e-06	0
-4.10136e-07	0
4.18221e-07	0
-3.84983e-09	0
0.035233	0
0.0443765	0
-1.64305e-06	0
0.0282803	0
1.20708e-07	0
5.35431e-06	0
1.43084e-07	0
0.00845368	0
-6.10266e-06	0
3.04211e-08	0
-1.68302e-07	0
3.34441e-06	0
-3.54527e-08	0
1.45483e-07	0
-3.33284e-08	0
3.21018e-09	0
-5.40588e-09	0
-1.1164e-09	0
-1.81166e-07	0
-3.00426e-09	0
-3.12918e-08	0
3.16345e-07	0
0.00868135	0
-1.39049e-08	0
-2.49788e-07	0
2.20741e-08	0
0.0297703	0
2.13732e-08	0
0.0474492	0
0.0379714	0
-6.73709e-08	0
-1.76648e-08	0
-1.2144e-08	0
1.15067e-07	0
0.0480101	0
-1.37091e-08	0
0.0998493	0
0.0873767	0
1.94796e-08	0
-1.70895e-07	0
0.0800808	0
0.0896745	0
9.0272e-08	0
0.0407486	0
-1.87347e-08	0
3.22587e-08	0
2.04506e-08	0
-1.09356e-08	0
-4.60691e-08	0
7.29594e-08	0
0.0440464	0
-3.58634e-08	0
0.101343	0
0.0926172	0
1.04315e-07	0
-1.45886e-08	0
0.106888	0
0.124992	0
2.60626e-08	0
0.0628408	0
-1.03535e-07	0
3.10681e-08	0
2.56482e-08	0
1.55516e-08	0
0.0539058	0
0.0689026	0
-5.40792e-08	0
0.0452236	0
-9.2292e-08	0
1.30005e-07	0
1.75167e-08	0
0.0142683	0
-2.2591e-07	0
1.41142e-08	0
7.99296e-09	0
7.15196e-08	0
8.84293e-09	0
1.0561e-08	0
-1.17894e-09	0
-1.02358e-08	0
3.17741e-08	0
-4.07529e-09	0
0.0206206	0
2.57107e-08	0
0.0499249	0
0.0467519	0
8.70839e-07	0
-4.62476e-08	0
0.058546	0
0.070157	0
-7.49503e-08	0
0.037114	0
-2.57752e-07	0
-1.04229e-07	0
1.08537e-07	0
-6.28535e-10	0
0.0389456	0
0.0510301	0
-4.28795e-07	0
0.0352287	0
1.12735e-07	0
1.46278e-06	0
3.82787e-08	0
0.0123639	0
-1.51317e-06	0
8.3547e-08	0
-4.49886e-08	0
9.43367e-07	0
-1.15492e-08	0
3.67333e-08	0
-8.46643e-09	0
5.89941e-09	0
0.0125831	0
0.0172118	0
-8.31941e-08	0
0.0131506	0
-9.30808e-08	0
2.0041e-08	0
7.39259e-09	0
0.00606836	0
-1.64366e-07	0
-3.61677e-08	0
5.47274e-09	0
5.84029e-08	0
1.59799e-08	0
1.58771e-08	0
-1.03551e-09	0
0.00137951	0
-3.00507e-08	0
-1.84751e-08	0
-2.20913e-08	0
1.53053e-08	0
-2.32766e-08	0
-1.0094e-08	0
-6.97538e-10	0
1.64881e-08	0
6.3765e-09	0
1.7933e-08	0
-3.01231e-10	0
1.66391e-08	0
-5.72711e-10	0
-3.94779e-10	0
1.90726e-11	0
1.78838e-08	0
-2.46642e-08	0
9.05619e-09	0
-1.08377e-06	0
2.65534e-08	0
-5.56024e-08	0
1.71664e-06	0
0.00371557	0
-3.4602e-08	0
-1.33301e-06	0
1.4453e-08	0
0.0131513	0
2.67606e-07	0
0.02135	0
0.0172399	0
-3.31645e-07	0
-6.87626e-08	0
6.2747e-08	0
3.78249e-07	0
0.0224096	0
4.94401e-08	0
0.0474492	0
0.0419098	0
8.21662e-08	0
-9.01276e-07	0
0.0392608	0
0.0443768	0
4.69323e-07	0
0.0205277	0
2.33653e-07	0
5.41956e-08	0
4.50064e-08	0
-9.60715e-09	0
1.79416e-09	0
1.21433e-07	0
0.0228957	0
-4.61796e-08	0
0.0536372	0
0.0494885	0
1.04599e-07	0
-1.65991e-07	0
0.0583646	0
0.0689028	0
-7.44522e-09	0
0.035275	0
-1.67986e-07	0
-4.3483e-08	0
2.65583e-08	0
-1.6699e-08	0
0.031094	0
0.0401237	0
-1.79262e-07	0
0.0268212	0
-2.70583e-07	0
2.88029e-08	0
2.58117e-08	0
0.00873028	0
-3.33466e-07	0
-4.33073e-08	0
2.97119e-08	0
8.99199e-08	0
4.16608e-08	0
3.67611e-08	0
-1.19938e-09	0
-6.40775e-09	0
3.45488e-08	0
1.04064e-08	0
0.0141429	0
2.91394e-08	0
0.034865	0
0.0329615	0
3.68926e-08	0
-9.30582e-08	0
0.0421804	0
0.0510306	0
-2.55418e-08	0
0.0274882	0
7.21197e-08	0
4.63354e-08	0
1.09953e-08	0
-2.0866e-08	0
0.0296453	0
0.039218	0
-1.04822e-07	0
0.0275668	0
1.33269e-07	0
3.03895e-07	0
1.1952e-08	0
0.00998294	0
3.44124e-07	0
5.94996e-07	0
8.95828e-09	0
4.45456e-07	0
1.09098e-08	0
1.0394e-08	0
2.81082e-10	0
3.20577e-09	0
0.0106722	0
0.0147374	0
-4.00525e-07	0
0.0114656	0
-6.50616e-07	0
-5.18253e-07	0
2.93534e-08	0
0.00545893	0
-1.45574e-07	0
-7.40699e-08	0
-2.56231e-08	0
8.60131e-08	0
-4.1224e-08	0
-2.51769e-08	0
5.04148e-09	0
0.00131104	0
3.17292e-08	0
1.11721e-07	0
-1.89698e-08	0
1.59523e-07	0
1.32561e-08	0
7.96672e-08	0
-3.6549e-10	0
7.98283e-08	0
-6.57788e-08	0
1.2847e-08	0
-5.30343e-09	0
4.71746e-08	0
-4.21186e-09	0
-6.28571e-10	0
-5.13151e-10	0
1.37168e-08	0
8.39592e-09	0
-4.48052e-08	0
0.00432224	0
2.78441e-08	0
0.0109751	0
0.0105322	0
-1.16059e-06	0
7.56948e-08	0
0.0140148	0
0.0172113	0
1.32222e-07	0
0.00954525	0
5.32725e-07	0
1.80322e-07	0
-1.41939e-07	0
-3.88735e-09	0
0.0109698	0
0.0147368	0
6.1321e-07	0
0.0106639	0
2.58396e-08	0
-1.87735e-06	0
-4.13249e-08	0
0.00407463	0
2.25598e-06	0
4.5663e-08	0
6.61558e-08	0
-1.16125e-06	0
1.39315e-08	0
-5.27693e-08	0
1.25531e-08	0
-4.22469e-10	0
0.00521318	0
0.00730988	0
3.79213e-09	0
0.00585787	0
-1.01858e-07	0
-2.85165e-07	0
-1.11935e-08	0
0.00294213	0
1.47631e-07	0
-8.10652e-08	0
7.74384e-09	0
-1.45609e-07	0
3.60837e-09	0
-6.66771e-09	0
5.89357e-10	0
0.000790105	0
-2.55952e-08	0
-4.62227e-08	0
4.9964e-09	0
-3.67929e-08	0
-2.10485e-09	0
-1.87981e-08	0
1.46035e-09	0
4.36908e-09	0
1.84596e-08	0
1.84956e-09	0
-1.54369e-11	0
-5.49081e-09	0
-1.15128e-09	0
-9.34619e-10	0
3.42008e-10	0
1.55995e-09	0
0.00120298	0
0.00172911	0
3.73504e-08	0
0.00146216	0
3.48814e-08	0
-7.95687e-08	0
-8.81409e-08	0
0.000821957	0
1.60678e-07	0
2.12466e-08	0
1.72296e-08	0
-7.42374e-08	0
3.30993e-08	0
2.77632e-09	0
-8.64723e-09	0
0.000291659	0
5.14606e-08	0
5.45624e-08	0
4.67499e-08	0
1.92602e-08	0
-4.53888e-09	0
-1.52004e-07	0
1.12394e-09	0
-1.03914e-08	0
1.69693e-07	0
-1.32601e-09	0
4.53381e-09	0
-9.21232e-08	0
-8.6682e-10	0
-4.84549e-09	0
1.43612e-09	0
5.16865e-05	0
2.33679e-08	0
3.4448e-08	0
1.738e-08	0
2.78454e-08	0
1.61786e-09	0
-4.0314e-08	0
2.92688e-08	0
9.7025e-09	0
4.31842e-08	0
5.96852e-10	0
-2.29148e-09	0
-1.80148e-08	0
-1.07607e-08	0
-3.83643e-09	0
3.64128e-09	0
3.87821e-09	0
3.14155e-09	0
-2.17114e-09	0
-1.44153e-08	0
-5.02477e-09	0
1.32236e-09	0
4.73534e-08	0
1.16448e-09	0
6.30073e-09	0
-5.35415e-08	0
4.34095e-10	0
-1.62072e-09	0
2.95927e-08	0
-4.57951e-10	0
1.18879e-09	0
-2.93364e-10	0
1.16498e-09	0
1.6823e-08	0
2.6871e-08	0
-1.30885e-07	0
2.39207e-08	0
-7.97378e-08	0
7.1509e-08	0
-8.00713e-07	0
1.01891e-08	0
-9.14836e-08	0
3.30836e-08	0
-1.21404e-06	0
6.88942e-08	0
-1.0106e-06	0
-4.87476e-07	0
0.0003085	0
-7.92773e-10	0
3.2998e-08	0
6.83919e-08	0
-6.39824e-07	0
5.15493e-08	0
-9.53698e-09	0
3.49371e-07	0
0.00143412	0
-3.83169e-08	0
2.16428e-06	0
2.64287e-06	0
0.00322782	0
1.51915e-06	0
0.00432014	0
0.00319568	0
-1.34738e-09	0
2.00888e-09	0
-2.59228e-08	0
-3.05197e-08	0
-1.42517e-06	0
-2.40828e-08	0
-1.8739e-06	0
-9.58987e-07	0
0.00322289	0
-2.42886e-08	0
-7.102e-07	0
-5.93231e-08	0
0.00954152	0
4.47201e-07	0
0.0141363	0
0.0109175	0
-1.54248e-07	0
-1.59255e-08	0
-3.6517e-07	0
-2.41548e-07	0
0.0106787	0
-1.84829e-08	0
0.0206348	0
0.017422	0
-2.71788e-07	0
-1.50903e-07	0
0.0142533	0
0.0153958	0
-6.2572e-07	0
0.00649418	0
-8.05827e-07	0
-5.51471e-07	0
1.81642e-08	0
3.48307e-08	0
-1.35368e-07	0
-1.12736e-07	0
-2.31608e-06	0
-6.44336e-08	0
-3.28659e-09	0
3.56923e-06	0
0.00446119	0
-1.45729e-07	0
-2.09508e-06	0
6.89434e-07	0
0.0146899	0
1.01121e-06	0
0.022898	0
0.0181246	0
-7.80563e-07	0
-1.58624e-07	0
3.0733e-07	0
7.40194e-07	0
0.0216622	0
1.40434e-07	0
0.0440464	0
0.0381059	0
5.20833e-08	0
-1.88128e-06	0
0.0338536	0
0.0374713	0
3.20649e-07	0
0.0166395	0
-1.41004e-07	0
-4.33532e-07	0
1.17949e-07	0
-3.92913e-08	0
-5.48436e-07	0
-7.853e-07	0
0.0154989	0
-8.30516e-07	0
0.0348718	0
0.0315144	0
2.39095e-06	0
-7.56993e-07	0
0.0352417	0
0.04075	0
1.85029e-07	0
0.0200305	0
-4.88346e-07	0
-8.62727e-08	0
2.93434e-07	0
-1.78138e-07	0
0.0162408	0
0.0205274	0
-9.4376e-07	0
0.0131715	0
9.15226e-08	0
3.45883e-06	0
1.30734e-07	0
0.00397992	0
-4.32746e-06	0
-3.62868e-07	0
-5.24181e-08	0
1.98233e-06	0
4.52652e-08	0
1.44585e-07	0
-2.22289e-08	0
1.93552e-08	0
-3.72949e-08	0
-9.07392e-09	0
-1.14468e-06	0
7.50548e-09	0
5.01881e-08	0
1.94455e-06	0
0.00402063	0
-5.52863e-08	0
-1.33088e-06	0
1.12793e-07	0
0.0139566	0
3.33318e-07	0
0.0224088	0
0.0179983	0
-3.43513e-07	0
-8.05482e-08	0
1.36347e-07	0
4.37469e-07	0
0.0229221	0
7.30292e-08	0
0.0480099	0
0.0421679	0
2.20663e-07	0
-9.86954e-07	0
0.0389552	0
0.0437811	0
6.09186e-07	0
0.0200297	0
3.84662e-07	0
1.27597e-07	0
6.59976e-08	0
-2.16388e-08	0
-1.08178e-07	0
-5.93139e-08	0
0.0216568	0
-1.71737e-07	0
0.0501813	0
0.0460345	0
8.4951e-07	0
-2.25983e-07	0
0.0535402	0
0.062841	0
6.70411e-09	0
0.0318119	0
-3.30042e-07	0
-8.58961e-08	0
1.23519e-07	0
-2.51875e-08	0
0.0274985	0
0.0352751	0
-4.82457e-07	0
0.0233114	0
-1.82595e-07	0
1.16404e-06	0
7.71244e-08	0
0.00743548	0
-1.5708e-06	0
-3.08239e-08	0
2.49665e-08	0
7.91176e-07	0
6.43583e-08	0
8.55217e-08	0
-8.08821e-09	0
-1.21555e-08	0
-4.19265e-10	0
-1.11756e-08	0
0.0106672	0
-6.19911e-09	0
0.0260101	0
0.0244504	0
5.54419e-07	0
-9.41033e-08	0
0.0308547	0
0.0371143	0
-2.20009e-07	0
0.0197716	0
-2.98878e-07	0
-8.22717e-08	0
8.58394e-08	0
-8.73169e-09	0
0.0209006	0
0.0274881	0
-5.60027e-07	0
0.0191085	0
6.6996e-10	0
1.21992e-06	0
3.89172e-08	0
0.00678339	0
-6.46426e-07	0
8.05131e-07	0
-1.70553e-08	0
1.19884e-06	0
8.96633e-09	0
3.88301e-08	0
-5.86045e-09	0
3.9196e-09	0
0.00695225	0
0.00954534	0
-6.46718e-07	0
0.00734463	0
-9.38957e-07	0
-5.73046e-07	0
1.545e-08	0
0.0034295	0
-2.63299e-07	0
5.48809e-08	0
-2.02119e-08	0
3.23922e-07	0
-2.11312e-08	0
-6.81043e-09	0
1.42622e-09	0
0.00079391	0
1.16546e-07	0
2.9992e-07	0
-4.47562e-08	0
3.73541e-07	0
-2.81036e-08	0
2.81578e-08	0
-1.71327e-09	0
1.73725e-07	0
-1.74632e-08	0
4.20992e-08	0
-4.62062e-09	0
5.37505e-08	0
-4.45598e-09	0
-2.04461e-09	0
-2.25808e-10	0
2.19232e-08	0
-3.7651e-08	0
-6.04205e-10	0
-1.31687e-06	0
2.23171e-08	0
-2.77775e-08	0
2.11501e-06	0
0.00224347	0
-4.94985e-08	0
-1.61366e-06	0
1.13455e-08	0
0.00804118	0
3.36124e-07	0
0.0131531	0
0.0106602	0
-4.52833e-07	0
-8.58326e-08	0
1.19415e-07	0
4.76107e-07	0
0.0139593	0
1.03996e-07	0
0.0297711	0
0.0263945	0
1.45544e-08	0
-1.08254e-06	0
0.0249279	0
0.0282801	0
3.88189e-07	0
0.0131714	0
1.14057e-07	0
-7.703e-08	0
5.71444e-08	0
-1.35205e-08	0
-3.677e-08	0
4.58343e-08	0
0.0146889	0
-9.44676e-08	0
0.0346625	0
0.0321048	0
4.28726e-07	0
-2.19869e-07	0
0.0381649	0
0.0452233	0
5.56155e-08	0
0.0233108	0
-1.32279e-07	0
7.95258e-09	0
6.02438e-08	0
-2.54293e-08	0
0.0207126	0
0.0268209	0
-2.16697e-07	0
0.0180465	0
-7.27634e-08	0
6.33373e-07	0
2.9739e-08	0
0.0059356	0
-8.11639e-07	0
-3.33906e-09	0
-1.21364e-09	0
3.92872e-07	0
1.97151e-08	0
3.65442e-08	0
-4.15283e-09	0
-6.59222e-09	0
1.20022e-08	0
-3.84233e-09	0
0.00954736	0
7.93661e-09	0
0.023704	0
0.0224959	0
-5.12288e-08	0
-1.02622e-07	0
0.0290094	0
0.035229	0
-2.90676e-08	0
0.0191083	0
9.98328e-09	0
-3.37506e-08	0
2.84052e-09	0
-2.135e-08	0
0.0207604	0
0.0275666	0
-4.67858e-08	0
0.0195097	0
-2.48278e-08	0
-5.65104e-08	0
1.12589e-08	0
0.00714499	0
1.98462e-07	0
1.62739e-07	0
1.65335e-08	0
8.04839e-08	0
1.41044e-08	0
7.50654e-09	0
1.06537e-09	0
3.04176e-09	0
0.00769357	0
0.0106642	0
-1.06003e-07	0
0.00835484	0
-2.01503e-07	0
-2.3477e-07	0
3.82092e-08	0
0.00402404	0
6.12012e-08	0
8.62144e-09	0
-1.16008e-08	0
7.4375e-09	0
-3.0131e-08	0
-1.99683e-08	0
5.79033e-09	0
0.000984377	0
5.14149e-08	0
8.26456e-08	0
-1.80579e-08	0
7.77694e-08	0
7.4971e-09	0
7.34017e-08	0
1.26847e-09	0
3.65384e-08	0
-8.02101e-08	0
-2.47793e-09	0
-2.44989e-09	0
4.04938e-08	0
-6.85449e-10	0
1.86117e-09	0
-5.26835e-10	0
1.17502e-08	0
1.07139e-09	0
-4.40831e-08	0
0.00323008	0
1.90704e-08	0
0.00825944	0
0.00795659	0
-1.05802e-06	0
5.95637e-08	0
0.0106671	0
0.0131508	0
8.98346e-08	0
0.00734478	0
4.15257e-07	0
1.05512e-07	0
-1.16031e-07	0
-4.06217e-09	0
0.00850177	0
0.0114658	0
5.38196e-07	0
0.00835508	0
-6.07825e-08	0
-1.79322e-06	0
-6.14083e-09	0
0.00322873	0
1.91765e-06	0
-1.19464e-07	0
1.10649e-07	0
-1.14579e-06	0
6.88669e-08	0
-1.01005e-08	0
1.14989e-08	0
3.61474e-10	0
0.00416296	0
0.00585857	0
1.26118e-07	0
0.00472591	0
1.1967e-07	0
-9.95779e-08	0
3.32386e-10	0
0.00239851	0
2.56939e-07	0
2.75192e-08	0
9.39436e-09	0
-1.17353e-07	0
-2.73638e-09	0
-1.27839e-08	0
2.45084e-09	0
0.00065441	0
2.09955e-08	0
-1.86825e-09	0
-1.2165e-08	0
-2.75712e-08	0
-3.00795e-08	0
-3.28888e-08	0
5.55135e-09	0
-3.74314e-09	0
-8.41494e-09	0
-1.42356e-08	0
7.25011e-09	0
-5.07974e-09	0
7.81268e-09	0
5.51215e-09	0
2.48885e-10	0
1.3303e-09	0
0.00101752	0
0.00146253	0
2.33902e-08	0
0.00123674	0
7.93277e-09	0
-8.7761e-08	0
-8.27346e-08	0
0.000695237	0
9.7404e-08	0
-2.99052e-08	0
-4.81095e-11	0
-9.15928e-08	0
2.71735e-08	0
1.14519e-08	0
-7.31678e-09	0
0.000246694	0
-4.56509e-09	0
-1.93361e-08	0
1.68352e-08	0
-3.28096e-08	0
4.67983e-09	0
-9.37437e-08	0
1.48374e-09	0
-2.97597e-08	0
2.13668e-07	0
1.05722e-07	0
5.12993e-09	0
-6.8469e-09	0
9.68644e-10	0
-2.86029e-09	0
1.23504e-09	0
4.3718e-05	0
-1.30654e-08	0
-1.61921e-08	0
-6.80734e-08	0
-1.17914e-08	0
-1.21975e-07	0
-1.1226e-07	0
2.35789e-08	0
-8.79368e-09	0
-3.24095e-09	0
-3.45545e-09	0
-5.58229e-09	0
1.80623e-08	0
-1.28605e-08	0
-5.28362e-09	0
3.04986e-09	0
-8.92588e-10	0
1.29614e-08	0
2.99389e-08	0
-1.443e-08	0
3.78085e-08	0
2.06563e-10	0
4.15807e-08	0
7.01081e-10	0
2.4418e-08	0
-4.42459e-08	0
3.87376e-09	0
-1.96364e-09	0
2.79661e-08	0
-1.06261e-09	0
5.66431e-10	0
-2.53932e-10	0
9.58649e-09	0
-2.94939e-09	0
1.95183e-08	0
-5.37103e-07	0
2.73347e-08	0
1.43737e-08	0
9.16375e-07	0
0.000614659	0
-1.09947e-08	0
-7.42114e-07	0
-6.6338e-08	0
0.00224731	0
9.81121e-08	0
0.00371937	0
0.00303152	0
-3.92475e-07	0
-3.3551e-08	0
5.58955e-08	0
2.16189e-07	0
0.00402505	0
6.89492e-08	0
0.00868193	0
0.0077425	0
-5.16805e-07	0
-4.43536e-07	0
0.00740943	0
0.00845466	0
-6.86005e-07	0
0.00398069	0
-8.9409e-07	0
-6.67452e-07	0
1.87983e-08	0
-3.89856e-09	0
4.15593e-08	0
1.03306e-07	0
0.00446706	0
4.19192e-08	0
0.0106645	0
0.00993805	0
8.5931e-08	0
-4.58599e-08	0
0.0119709	0
0.0142686	0
4.81435e-08	0
0.00743581	0
9.09108e-08	0
1.38675e-07	0
-2.73264e-09	0
7.48991e-09	0
0.00670504	0
0.00873092	0
2.09599e-07	0
0.00593631	0
4.73345e-07	0
6.08305e-07	0
-5.67805e-08	0
0.00198625	0
-5.97106e-08	0
1.85009e-07	0
-1.18611e-07	0
1.62575e-07	0
-1.3139e-07	0
-8.27461e-08	0
-1.53504e-09	0
-1.53827e-09	0
7.73392e-09	0
1.89726e-09	0
0.00322836	0
7.82171e-09	0
0.00810963	0
0.00774463	0
-3.58425e-08	0
-3.84913e-08	0
0.0101179	0
0.0123636	0
2.68682e-07	0
0.00678309	0
9.95119e-08	0
-1.35028e-07	0
-1.89416e-08	0
-8.8094e-09	0
0.00747206	0
0.00998287	0
4.99418e-07	0
0.00714498	0
-9.02137e-08	0
-8.2731e-07	0
-1.28844e-08	0
0.00266614	0
-8.19221e-07	0
-1.7705e-06	0
-8.50314e-09	0
-1.36292e-06	0
-2.06866e-08	0
-2.32835e-08	0
1.60552e-09	0
1.8151e-09	0
0.00292187	0
0.00407485	0
1.39863e-06	0
0.00322867	0
2.02639e-06	0
1.19586e-06	0
3.70584e-08	0
0.00158428	0
6.75568e-07	0
-1.4842e-08	0
5.30247e-08	0
-6.3746e-07	0
4.50581e-08	0
2.20232e-08	0
3.56774e-09	0
0.000399648	0
-1.6257e-07	0
-5.21254e-07	0
3.06986e-08	0
-6.95468e-07	0
2.03187e-08	0
1.15175e-08	0
5.36244e-09	0
-3.08691e-07	0
-6.52995e-08	0
-6.93386e-08	0
8.4298e-09	0
-3.44775e-08	0
1.07081e-08	0
8.16087e-09	0
-1.79584e-10	0
6.91787e-09	0
-8.0333e-09	0
-3.55141e-08	0
0.00143545	0
2.43828e-09	0
0.00371428	0
0.00360134	0
-6.37776e-07	0
3.00575e-08	0
0.00489031	0
0.00606832	0
6.87187e-08	0
0.0034294	0
2.49655e-07	0
5.38331e-08	0
-7.92394e-08	0
-3.39396e-09	0
0.00402135	0
0.00545873	0
3.45644e-07	0
0.00402396	0
-6.11612e-08	0
-1.14192e-06	0
-2.66885e-08	0
0.0015843	0
1.082e-06	0
-1.99061e-07	0
2.92124e-08	0
-7.81215e-07	0
-9.78197e-10	0
-3.51372e-08	0
6.78654e-09	0
5.23977e-10	0
0.00207869	0
0.00294244	0
1.60479e-07	0
0.00239854	0
1.96772e-07	0
2.01349e-08	0
3.80185e-09	0
0.00123751	0
1.82763e-07	0
7.68536e-09	0
1.46616e-08	0
-1.11059e-07	0
1.0878e-08	0
1.78155e-09	0
9.55596e-10	0
0.00034629	0
-4.54003e-09	0
-4.01258e-08	0
8.45304e-09	0
-6.31535e-08	0
5.71836e-09	0
-8.09941e-10	0
1.24849e-09	0
-2.62203e-08	0
-4.61165e-09	0
-8.84582e-09	0
5.20176e-10	0
-5.22719e-09	0
3.15778e-10	0
3.72555e-10	0
1.1412e-10	0
7.3625e-10	0
0.000572548	0
0.000822955	0
1.59228e-08	0
0.000695903	0
1.50602e-08	0
-3.71124e-08	0
-3.95861e-08	0
0.000391204	0
7.47994e-08	0
1.16247e-08	0
1.3966e-08	0
-3.18317e-08	0
1.94625e-08	0
1.83613e-09	0
-3.78842e-09	0
0.000138813	0
1.30338e-08	0
1.45234e-08	0
3.26047e-08	0
5.66307e-09	0
3.72446e-09	0
-7.47708e-08	0
1.23062e-09	0
-4.06653e-09	0
6.70052e-08	0
-2.38421e-08	0
3.3913e-09	0
-6.06788e-08	0
1.13577e-09	0
-1.17784e-09	0
6.80644e-10	0
2.45998e-05	0
8.72404e-09	0
1.67925e-08	0
2.52313e-08	0
1.9125e-08	0
2.23024e-08	0
-8.33384e-09	0
1.38833e-08	0
1.21309e-08	0
2.24677e-08	0
-7.33934e-09	0
-8.53592e-10	0
-1.99075e-08	0
-4.84952e-09	0
-1.69541e-09	0
1.77049e-09	0
5.85432e-09	0
1.20795e-09	0
-4.33642e-09	0
-7.15694e-09	0
-7.36734e-09	0
-2.26399e-10	0
2.14641e-08	0
7.31988e-10	0
1.9938e-09	0
-2.58074e-08	0
-5.66965e-10	0
-4.24784e-10	0
1.35404e-08	0
1.82642e-10	0
8.33798e-10	0
-1.37409e-10	0
2.80908e-09	0
-3.64255e-09	0
-1.34028e-08	0
0.000308806	0
6.9302e-10	0
0.000812188	0
0.000794759	0
-2.42001e-07	0
1.43822e-08	0
0.00110085	0
0.00137961	0
2.58867e-08	0
0.000794126	0
9.53572e-08	0
2.32457e-08	0
-5.25574e-08	0
-4.98244e-10	0
0.00095581	0
0.00131115	0
1.38762e-07	0
0.000984722	0
-9.31031e-09	0
-4.20361e-07	0
-6.92231e-08	0
0.000399937	0
4.12117e-07	0
-7.36464e-08	0
-8.66269e-08	0
-2.97866e-07	0
-1.09537e-07	0
-8.66944e-08	0
2.08877e-09	0
3.07766e-10	0
0.000553044	0
0.000789893	0
7.66494e-08	0
0.000654351	0
9.91513e-08	0
2.6945e-08	0
1.89102e-11	0
0.000346354	0
6.01767e-08	0
-1.36617e-08	0
2.02906e-08	0
-5.96238e-08	0
3.1314e-08	0
2.26994e-08	0
-2.14727e-09	0
0.000101093	0
-3.114e-08	0
-5.96823e-08	0
4.20563e-08	0
-6.26524e-08	0
6.2185e-08	0
4.15571e-08	0
-6.58928e-09	0
-2.88311e-08	0
1.8161e-08	0
7.32514e-09	0
-1.23195e-08	0
-6.40711e-09	0
-1.46499e-08	0
-1.01335e-08	0
3.58581e-11	0
2.28329e-10	0
0.000203204	0
0.000292076	0
8.95701e-09	0
0.000246984	0
1.89767e-08	0
1.55522e-09	0
3.72042e-09	0
0.000138843	0
4.99785e-08	0
3.32969e-08	0
3.86816e-08	0
4.81102e-09	0
1.22398e-08	0
-1.6239e-08	0
-7.11564e-10	0
4.92663e-05	0
1.12741e-09	0
-1.17928e-09	0
6.91069e-08	0
-5.13146e-09	0
-3.73383e-09	0
-9.19886e-08	0
8.03069e-10	0
-6.72174e-09	0
-1.24018e-07	0
-2.3725e-07	0
1.10245e-09	0
-1.76197e-07	0
3.31829e-11	0
-7.22991e-10	0
1.97249e-10	0
8.73077e-06	0
-1.21202e-08	0
-1.6073e-08	0
1.87846e-07	0
-1.18193e-08	0
2.68724e-07	0
1.57948e-07	0
7.14015e-09	0
-5.80042e-09	0
8.31492e-08	0
-8.84817e-09	0
6.78402e-09	0
-8.75101e-08	0
5.40652e-09	0
3.10322e-09	0
7.36566e-10	0
-1.24743e-09	0
-2.23862e-08	0
-7.015e-08	0
7.34178e-10	0
-9.19288e-08	0
-6.72448e-10	0
2.27356e-09	0
1.04044e-09	0
-3.79427e-08	0
-1.24277e-08	0
-8.80779e-09	0
1.44549e-09	0
-1.86871e-09	0
1.89115e-09	0
1.49387e-09	0
-3.47463e-11	0
3.69052e-11	0
3.60419e-05	0
5.18049e-05	0
-3.67682e-09	0
4.3807e-05	0
-4.10196e-09	0
-4.18733e-09	0
3.33903e-09	0
2.46262e-05	0
7.409e-09	0
7.09865e-09	0
1.29867e-08	0
3.87751e-09	0
7.43619e-09	0
-5.88715e-10	0
5.16742e-09	0
8.73827e-06	0
6.04301e-10	0
1.44479e-09	0
1.94287e-08	0
1.42624e-09	0
3.56346e-09	0
-1.7646e-08	0
1.39544e-08	0
-2.28857e-10	0
-3.09064e-08	0
-5.69862e-08	0
2.29927e-08	0
-4.19256e-08	0
2.54769e-08	0
1.69927e-08	0
1.3531e-10	0
1.54856e-06	0
-1.67645e-09	0
-1.97692e-09	0
4.25154e-08	0
-1.12007e-09	0
5.89791e-08	0
3.34801e-08	0
1.86448e-09	0
-3.8028e-10	0
1.54797e-08	0
-5.9127e-09	0
-1.2552e-09	0
-2.15181e-08	0
-4.33308e-09	0
-3.98619e-09	0
7.12073e-10	0
-8.63479e-11	0
-2.5762e-09	0
-1.1898e-08	0
-8.416e-09	0
-1.69721e-08	0
-1.40628e-08	0
-1.00099e-08	0
1.92056e-09	0
-6.25843e-09	0
-7.06733e-09	0
-5.03519e-09	0
3.37211e-09	0
-1.52134e-10	0
4.00244e-09	0
2.80207e-09	0
-2.14271e-12	0
7.98771e-12	0
3.56203e-10	0
5.21892e-10	0
6.31203e-09	0
4.48497e-10	0
8.33483e-09	0
4.5865e-09	0
-3.97082e-09	0
2.42065e-10	0
-6.32746e-10	0
-4.4639e-09	0
-7.3248e-09	0
-5.49349e-09	0
-9.82594e-10	0
3.86217e-09	0
4.23467e-11	0
6.28712e-11	0
-1.40105e-09	0
-3.03106e-09	0
-1.22201e-08	0
-3.29474e-09	0
1.78553e-09	0
1.48237e-08	0
4.05259e-10	0
-1.11466e-09	0
3.28604e-08	0
5.05192e-08	0
8.22037e-10	0
3.39719e-08	0
9.64771e-10	0
6.54905e-10	0
1.29589e-11	0
8.24651e-12	0
2.8268e-09	0
4.02843e-09	0
-3.94436e-08	0
3.38788e-09	0
-5.77836e-08	0
-3.58616e-08	0
-4.4405e-10	0
1.96967e-09	0
-1.70505e-08	0
7.34191e-10	0
-1.60744e-09	0
1.7391e-08	0
-1.7268e-09	0
-9.65905e-10	0
-6.99913e-12	0
8.90358e-10	0
5.1626e-09	0
1.53631e-08	0
-1.00897e-09	0
1.99633e-08	0
-3.79229e-10	0
7.72371e-10	0
-1.20552e-10	0
8.74045e-09	0
4.98477e-10	0
1.69935e-09	0
-2.58956e-10	0
1.43173e-09	0
-2.93377e-10	0
-1.88667e-10	0
-2.9367e-12	0
