0.988708
1.64424e-17
2.21344e-17
0.0494357
-7.57841e-18
0.0049436
0.0495593
-4.44889e-18
3.27479e-18
0.000617645
0.00496832
-1.59699e-17
0.0495608
-1.94015e-16
1.61228e-17
0.00247806
1.06323e-17
8.64096e-05
0.000621987
-2.65887e-18
0.00496869
-3.63336e-17
-4.53775e-17
0.000248436
0.0495609
-9.2525e-17
-4.68851e-16
0.00247806
6.19891e-17
0.000247808
0.00248425
2.89546e-18
-8.22439e-17
1.26627e-05
8.72024e-05
-4.63014e-18
0.000622063
-6.24223e-18
-1.34489e-17
3.11034e-05
0.0049687
-9.1323e-18
-4.60581e-17
0.000248437
1.21045e-17
2.48438e-05
0.000249058
5.84777e-19
0.0495609
4.14297e-18
2.17078e-17
0.00247806
1.01988e-16
0.000247808
0.00248425
4.89543e-18
-9.83956e-18
3.09607e-05
0.000249046
-1.30071e-18
0.00248433
-9.77542e-18
3.06748e-19
0.000124217
-5.06836e-16
1.88678e-06
1.279e-05
-2.54217e-17
8.72207e-05
-3.42877e-18
-2.6929e-17
4.36106e-06
0.000622065
-1.43876e-18
-8.15858e-18
3.11034e-05
-2.26159e-17
3.11036e-06
3.11812e-05
-1.13336e-18
0.0049687
3.60094e-19
1.78477e-18
0.000248437
7.21452e-18
2.48438e-05
0.000249058
3.40275e-19
-2.90653e-17
3.10394e-06
2.4968e-05
-1.53435e-18
0.000249065
-1.12043e-18
-1.37671e-18
1.24533e-05
0.0495609
5.74893e-19
-5.27029e-19
0.00247806
-1.04676e-17
0.000247808
0.00248425
-7.274e-19
-5.09459e-17
3.09607e-05
0.000249046
-3.35604e-18
0.00248433
-9.98095e-18
-1.75372e-18
0.000124217
-2.10532e-17
4.33145e-06
3.11783e-05
-1.2126e-18
0.000249065
-1.92922e-18
-3.35665e-18
1.24533e-05
0.00248433
-4.65148e-18
-2.36105e-17
0.000124217
2.02528e-18
1.24218e-05
0.000124528
9.10378e-20
2.05489e-16
2.82741e-07
1.90632e-06
1.02624e-17
1.27931e-05
8.92102e-19
1.00651e-17
6.39657e-07
8.72206e-05
-2.8078e-20
2.51979e-19
4.36106e-06
1.07375e-17
4.36109e-07
4.37196e-06
5.36522e-19
0.000622063
6.77067e-20
3.86768e-19
3.11034e-05
2.21676e-18
3.11036e-06
3.11811e-05
1.08278e-19
9.60984e-18
3.88602e-07
3.1259e-06
4.70344e-19
3.11821e-05
-7.40288e-20
4.91737e-19
1.55911e-06
0.00496869
8.5676e-20
1.33991e-19
0.000248436
1.59377e-19
2.48438e-05
0.000249057
-1.24844e-20
2.24614e-18
3.10394e-06
2.4968e-05
3.12296e-20
0.000249065
-9.63864e-19
1.92788e-19
1.24533e-05
3.31045e-17
4.34246e-07
3.12576e-06
1.6392e-18
2.49698e-05
-1.73345e-20
1.42866e-18
1.2485e-06
0.000249065
-4.44332e-19
-2.1901e-18
1.24533e-05
1.96827e-18
1.24534e-06
1.24845e-05
9.73889e-20
0.0495608
9.94771e-19
2.2469e-18
0.00247806
6.99774e-18
0.000247807
0.00248425
1.45875e-19
4.54279e-17
3.09606e-05
0.000249046
1.46268e-18
0.00248433
-9.49907e-18
3.07705e-18
0.000124217
2.25611e-16
4.33144e-06
3.11783e-05
1.11207e-17
0.000249065
-6.95886e-19
9.00746e-18
1.24533e-05
0.00248433
-4.49739e-18
-2.2371e-17
0.000124217
1.43898e-17
1.24218e-05
0.000124528
7.09266e-19
-2.01386e-17
6.3474e-07
4.37118e-06
-1.0329e-18
3.11821e-05
-3.92984e-19
-1.47695e-18
1.55911e-06
0.000249065
-4.67779e-19
-2.38923e-18
1.24533e-05
-1.96066e-19
1.24534e-06
1.24845e-05
-1.08286e-20
0.00248433
2.06274e-19
1.07807e-18
0.000124217
5.03187e-18
1.24218e-05
0.000124528
2.41369e-19
-1.29606e-18
1.55196e-06
1.24839e-05
-1.05342e-19
0.000124532
-4.94025e-19
-2.48657e-20
6.22663e-06
8.88178e-16
4.24414e-08
2.85632e-07
4.44074e-17
1.90635e-06
4.42056e-18
4.44846e-17
9.53183e-08
1.27902e-05
5.31951e-19
4.34901e-18
6.39515e-07
4.45881e-17
6.39519e-08
6.41114e-07
2.22937e-18
8.72035e-05
8.45444e-20
5.94488e-19
4.3602e-06
4.62718e-18
4.36023e-07
4.37111e-06
2.31002e-19
4.44108e-17
5.4476e-08
4.38203e-07
2.21913e-18
4.37124e-06
2.04943e-19
2.22751e-18
2.18563e-07
0.000621991
2.36352e-20
1.05207e-19
3.10998e-05
6.41464e-19
3.11e-06
3.11775e-05
2.9513e-20
5.07216e-18
3.88558e-07
3.12554e-06
2.4346e-19
3.11785e-05
-9.67034e-20
2.64283e-19
1.55893e-06
4.90606e-17
5.43599e-08
3.91289e-07
2.45104e-18
3.12578e-06
2.22416e-19
2.4303e-18
1.5629e-07
3.11785e-05
-2.75631e-20
-4.8453e-20
1.55894e-06
2.49792e-18
1.55895e-07
1.56283e-06
1.24768e-19
0.00496832
9.89089e-20
2.19893e-19
0.000248418
6.68323e-19
2.48419e-05
0.000249039
1.29645e-20
4.38178e-18
3.10371e-06
2.49661e-05
1.38018e-19
0.000249046
-9.53113e-19
2.99832e-19
1.24524e-05
2.24363e-17
4.34214e-07
3.12552e-06
1.10579e-18
2.4968e-05
-7.06629e-20
8.93922e-19
1.24841e-06
0.000249047
-4.50962e-19
-2.24353e-18
1.24524e-05
1.43348e-18
1.24525e-06
1.24835e-05
7.06493e-20
1.59836e-17
6.36307e-08
4.38198e-07
7.96584e-19
3.12591e-06
5.0618e-20
7.54319e-19
1.56296e-07
2.4968e-05
-3.56473e-20
-1.49049e-19
1.24841e-06
8.82752e-19
1.24842e-07
1.25153e-06
4.40351e-20
0.000249047
2.22517e-20
1.19398e-19
1.24524e-05
5.949e-19
1.24525e-06
1.24835e-05
2.872e-20
7.72482e-19
1.55579e-07
1.25147e-06
3.45604e-20
1.24839e-05
-4.50124e-20
4.27408e-20
6.242e-07
0.0495593
7.93152e-19
9.01467e-19
0.00247798
-1.75261e-18
0.0002478
0.00248418
-2.9164e-19
-8.7348e-18
3.09597e-05
0.000249038
-1.24544e-18
0.00248425
-9.76958e-18
3.62099e-19
0.000124213
-5.40029e-17
4.33131e-06
3.11773e-05
-2.86009e-18
0.000249057
-2.09391e-18
-5.00819e-18
1.24529e-05
0.00248425
-4.67192e-18
-2.37754e-17
0.000124214
3.73515e-19
1.24214e-05
0.000124524
8.44956e-21
-2.73978e-16
6.3472e-07
4.37105e-06
-1.37249e-17
3.11811e-05
-1.66219e-18
-1.42007e-17
1.55907e-06
0.000249058
-6.26338e-19
-3.66472e-18
1.2453e-05
-1.29203e-17
1.2453e-06
1.24841e-05
-6.47043e-19
0.00248425
1.84083e-19
9.18347e-19
0.000124214
3.75606e-18
1.24214e-05
0.000124524
1.77578e-19
-1.40202e-17
1.55191e-06
1.24835e-05
-7.41554e-19
0.000124528
-5.57632e-19
-6.62671e-19
6.22644e-06
3.07627e-17
9.45752e-08
6.41103e-07
1.53415e-18
4.37196e-06
1.08975e-19
1.46562e-18
2.186e-07
3.11812e-05
-3.70304e-20
-1.26704e-19
1.55907e-06
1.6819e-18
1.55908e-07
1.56297e-06
8.39671e-20
0.000249058
2.29587e-20
1.24797e-19
1.2453e-05
6.43899e-19
1.2453e-06
1.24841e-05
3.11699e-20
1.35862e-18
1.55586e-07
1.25153e-06
6.38673e-20
1.24845e-05
-4.20839e-20
7.21213e-20
6.24228e-07
0.00248425
2.95361e-20
-2.14636e-20
0.000124214
-4.89355e-19
1.24214e-05
0.000124524
-3.46942e-20
-2.27141e-18
1.55191e-06
1.24835e-05
-1.54109e-19
0.000124528
-4.98887e-19
-7.37569e-20
6.22644e-06
1.76023e-18
2.17115e-07
1.56282e-06
7.99955e-20
1.24845e-05
-8.26251e-20
-2.71237e-20
6.24227e-07
0.000124528
-2.31398e-19
-1.16934e-18
6.22644e-06
2.42651e-19
6.22648e-07
6.24201e-06
1.162e-20
-3.16942e-17
6.31118e-09
4.2449e-08
-1.58499e-18
2.82797e-07
-1.61507e-19
-1.594e-18
1.41399e-08
1.88714e-06
-2.31748e-20
-1.76089e-19
9.43575e-08
-1.57879e-18
9.43581e-09
9.45934e-08
-7.89477e-20
1.26649e-05
-1.76762e-21
-1.4766e-20
6.33251e-07
-1.35623e-19
6.33255e-08
6.34834e-07
-6.83334e-21
-1.60557e-18
7.91178e-09
6.36421e-08
-8.04856e-20
6.34854e-07
-1.05134e-20
-8.02752e-20
3.17429e-08
8.6422e-05
1.40712e-21
1.66504e-21
4.32113e-06
-3.82063e-21
4.32116e-07
4.33193e-06
-5.46785e-22
-4.78594e-20
5.39878e-08
4.34276e-07
-3.80321e-21
4.33207e-06
-1.71994e-20
-1.00403e-21
2.16605e-07
-8.59063e-19
7.55298e-09
5.43673e-08
-4.32323e-20
4.34309e-07
-7.4759e-21
-4.70738e-20
2.17156e-08
4.33207e-06
-8.62476e-21
-4.53034e-20
2.16605e-07
-3.76903e-20
2.16606e-08
2.17146e-07
-1.90236e-21
0.000617682
1.18443e-20
2.42831e-20
3.08843e-05
6.24991e-20
3.08845e-06
3.09615e-05
5.82314e-22
4.02642e-19
3.85866e-07
3.10389e-06
1.0053e-20
3.09625e-05
-1.19206e-19
3.01525e-20
1.54813e-06
1.74192e-18
5.39833e-08
3.88578e-07
8.51033e-20
3.10412e-06
-1.40224e-20
5.86324e-20
1.55207e-07
3.09625e-05
-5.67198e-20
-2.84189e-19
1.54814e-06
1.25711e-19
1.54815e-07
1.55201e-06
6.15813e-21
-7.00731e-18
7.91083e-09
5.44785e-08
-3.50691e-19
3.88626e-07
-3.86799e-20
-3.5707e-19
1.94314e-08
3.10413e-06
-1.00507e-20
-6.37282e-20
1.55207e-07
-3.41117e-19
1.55208e-08
1.55595e-07
-1.70687e-20
3.09625e-05
1.98034e-21
9.18575e-21
1.54814e-06
2.87593e-20
1.54815e-07
1.55201e-06
1.31052e-21
-3.54827e-19
1.93423e-08
1.55588e-07
-1.82467e-20
1.55205e-06
-7.85048e-21
-1.7286e-20
7.76032e-08
0.00494361
9.86515e-20
2.21128e-19
0.000247182
6.95681e-19
2.47183e-05
0.0002478
1.44341e-20
4.86639e-18
3.08827e-06
2.48419e-05
1.62652e-19
0.000247808
-9.4584e-19
3.23724e-19
1.23905e-05
3.17058e-17
4.32054e-07
3.10998e-06
1.56935e-18
2.48438e-05
-2.3405e-20
1.35971e-18
1.2422e-06
0.000247808
-4.42858e-19
-2.18523e-18
1.23905e-05
1.8966e-18
1.23905e-06
1.24214e-05
9.38104e-20
1.97895e-16
6.33142e-08
4.36018e-07
9.89223e-18
3.11036e-06
9.60333e-19
9.87293e-18
1.55519e-07
2.48438e-05
7.82198e-20
7.66208e-19
1.2422e-06
1.0001e-17
1.24221e-07
1.2453e-06
4.99951e-19
0.000247808
3.80464e-20
2.33293e-19
1.23905e-05
1.50653e-18
1.23905e-06
1.24214e-05
7.43067e-20
9.89129e-18
1.54805e-07
1.24525e-06
4.90524e-19
1.24218e-05
8.25338e-22
4.99804e-19
6.21095e-07
1.07167e-15
9.434e-09
6.39509e-08
5.35833e-17
4.36109e-07
5.35393e-18
5.371e-17
2.18056e-08
3.11037e-06
6.63859e-19
5.35713e-18
1.55519e-07
5.37333e-17
1.5552e-08
1.55908e-07
2.68667e-18
2.48438e-05
9.56819e-20
6.84694e-19
1.2422e-06
5.4344e-18
1.24221e-07
1.2453e-06
2.7162e-19
5.3701e-17
1.55199e-08
1.24842e-07
2.68466e-18
1.24534e-06
2.63633e-19
2.69218e-18
6.22676e-08
0.000247808
1.66321e-20
9.21075e-20
1.23905e-05
6.23514e-19
1.23905e-06
1.24214e-05
3.01558e-20
5.14361e-18
1.54805e-07
1.24525e-06
2.53138e-19
1.24218e-05
-2.29134e-20
2.61825e-19
6.21095e-07
5.37411e-17
2.16575e-08
1.55894e-07
2.68627e-18
1.24534e-06
2.59589e-19
2.68228e-18
6.22675e-08
1.24218e-05
1.03801e-20
1.52527e-19
6.21096e-07
2.70928e-18
6.211e-08
6.22649e-07
1.35414e-19
0.0494357
1.00485e-18
2.33424e-18
0.0024718
7.76811e-18
0.000247182
0.00247798
1.84908e-19
5.39198e-17
3.08825e-05
0.000248417
1.88932e-18
0.00247806
-9.43205e-18
3.50069e-18
0.000123904
3.49199e-16
4.32051e-06
3.10996e-05
1.73005e-17
0.000248436
-7.33302e-20
1.52082e-17
1.24219e-05
0.00247806
-4.40847e-18
-2.16906e-17
0.000123904
2.05771e-17
1.23905e-05
0.000124214
1.01866e-18
2.1365e-15
6.33137e-07
4.36015e-06
1.068e-16
3.11034e-05
1.03911e-17
1.06626e-16
1.55518e-06
0.000248437
8.80619e-19
8.45376e-18
1.24219e-05
1.07907e-16
1.2422e-06
1.2453e-05
5.39437e-18
0.00247806
3.94231e-19
2.43203e-18
0.000123904
1.58569e-17
1.23905e-05
0.000124214
7.82651e-19
1.0681e-16
1.54804e-06
1.24524e-05
5.3001e-18
0.000124217
4.77432e-20
5.39389e-18
6.21091e-06
1.06438e-14
9.43394e-08
6.39505e-07
5.3219e-16
4.36106e-06
5.3175e-17
5.33448e-16
2.18054e-07
3.11034e-05
6.59307e-18
5.32052e-17
1.55518e-06
5.33681e-16
1.55519e-07
1.55907e-06
2.66841e-17
0.000248437
9.50451e-19
6.80111e-18
1.24219e-05
5.39779e-17
1.2422e-06
1.2453e-05
2.69789e-18
5.33358e-16
1.55198e-07
1.24841e-06
2.6664e-17
1.24533e-05
2.61807e-18
2.67388e-17
6.22671e-07
0.00247806
1.65388e-19
9.1465e-19
0.000123904
6.1893e-18
1.23905e-05
0.000124214
2.99266e-19
5.10699e-17
1.54804e-06
1.24524e-05
2.51308e-18
0.000124217
-2.30961e-19
2.5999e-18
6.21091e-06
5.33759e-16
2.16574e-07
1.55892e-06
2.66801e-17
1.24533e-05
2.57763e-18
2.66398e-17
6.22671e-07
0.000124217
1.01521e-19
1.50693e-18
6.21091e-06
2.69097e-17
6.21095e-07
6.22644e-06
1.34498e-18
-1.36065e-15
1.41372e-08
9.53167e-08
-6.80336e-17
6.39657e-07
-6.81011e-18
-6.82148e-17
3.19831e-08
4.36106e-06
-8.5782e-19
-6.87639e-18
2.18054e-07
-6.81834e-17
2.18056e-08
2.186e-07
-3.40921e-18
3.11034e-05
-1.16429e-19
-8.43098e-19
1.55518e-06
-6.77866e-18
1.55519e-07
1.55907e-06
-3.39063e-19
-6.82398e-17
1.94302e-08
1.56296e-07
-3.41252e-18
1.55911e-06
-3.47307e-19
-3.42004e-18
7.79562e-08
0.000248436
-1.3274e-20
-1.14214e-19
1.24219e-05
-8.54573e-19
1.2422e-06
1.24529e-05
-4.37516e-20
-6.77721e-18
1.55198e-07
1.24841e-06
-3.42916e-19
1.24533e-05
-8.26415e-20
-3.357e-19
6.2267e-07
-6.7065e-17
2.17124e-08
1.56289e-07
-3.35408e-18
1.2485e-06
-3.44473e-19
-3.37319e-18
6.24254e-08
1.24533e-05
-6.51463e-20
-4.54829e-19
6.22671e-07
-3.34632e-18
6.22675e-08
6.24227e-07
-1.67368e-19
0.00247806
4.71227e-20
9.46112e-20
0.000123904
2.28951e-19
1.23904e-05
0.000124213
1.2468e-21
1.40887e-18
1.54804e-06
1.24524e-05
3.00072e-20
0.000124217
-4.79269e-19
1.10618e-19
6.21091e-06
4.39109e-18
2.16574e-07
1.55892e-06
2.11559e-19
1.24533e-05
-6.92425e-20
1.05037e-19
6.2267e-07
0.000124217
-2.29175e-19
-1.15318e-18
6.21091e-06
3.74143e-19
6.21095e-07
6.22644e-06
1.81959e-20
-6.97272e-17
3.17372e-08
2.18561e-07
-3.48768e-18
1.55911e-06
-3.63255e-19
-3.51847e-18
7.79562e-08
1.24533e-05
-6.63186e-20
-4.64786e-19
6.22671e-07
-3.45454e-18
6.22675e-08
6.24228e-07
-1.72779e-19
0.000124217
4.30786e-21
1.06725e-20
6.21091e-06
-9.37544e-20
6.21095e-07
6.22644e-06
-5.19908e-21
-3.50954e-18
7.75985e-08
6.242e-07
-1.77505e-19
6.22663e-06
-4.19253e-20
-1.73912e-19
3.11334e-07
