N	J	B	E0/N
10	1	0	-0.9
10	1	0.5	-0.97655
10	1	1	-1.23815
10	1	1.5	-1.65353
10	1	2	-2.11393
10	1	2.5	-2.59072
10	1	3	-3.07541
10	1	3.5	-3.56454
10	1	4	-4.05642
10	1	4.5	-4.55012
10	1	5	-5.04509
20	1	0	-0.95
20	1	0.5	-1.02001
20	1	1	-1.25539
20	1	1.5	-1.66273
20	1	2	-2.12051
20	1	2.5	-2.59588
20	1	3	-3.07967
20	1	3.5	-3.56817
20	1	4	-4.05959
20	1	4.5	-4.55293
20	1	5	-5.04761
30	1	0	-0.966667
30	1	0.5	-1.03452
30	1	1	-1.26127
30	1	1.5	-1.66579
30	1	2	-2.1227
30	1	2.5	-2.5976
30	1	3	-3.08109
30	1	3.5	-3.56938
30	1	4	-4.06064
30	1	4.5	-4.55386
30	1	5	-5.04845
40	1	0	-0.975
40	1	0.5	-1.04178
40	1	1	-1.26424
40	1	1.5	-1.66733
40	1	2	-2.1238
40	1	2.5	-2.59846
40	1	3	-3.0818
40	1	3.5	-3.56999
40	1	4	-4.06117
40	1	4.5	-4.55433
40	1	5	-5.04887
50	1	0	-0.98
50	1	0.5	-1.04613
50	1	1	-1.26602
50	1	1.5	-1.66825
50	1	2	-2.12446
50	1	2.5	-2.59898
50	1	3	-3.08223
50	1	3.5	-3.57035
50	1	4	-4.06148
50	1	4.5	-4.55461
50	1	5	-5.04912
60	1	0	-0.983333
60	1	0.5	-1.04903
60	1	1	-1.26722
60	1	1.5	-1.66886
60	1	2	-2.1249
60	1	2.5	-2.59932
60	1	3	-3.08251
60	1	3.5	-3.57059
60	1	4	-4.06169
60	1	4.5	-4.55479
60	1	5	-5.04929
70	1	0	-0.985714
70	1	0.5	-1.05111
70	1	1	-1.26807
70	1	1.5	-1.6693
70	1	2	-2.12521
70	1	2.5	-2.59957
70	1	3	-3.08271
70	1	3.5	-3.57076
70	1	4	-4.06184
70	1	4.5	-4.55493
70	1	5	-5.04941
80	1	0	-0.9875
80	1	0.5	-1.05266
80	1	1	-1.26872
80	1	1.5	-1.66963
80	1	2	-2.12544
80	1	2.5	-2.59975
80	1	3	-3.08286
80	1	3.5	-3.57089
80	1	4	-4.06196
80	1	4.5	-4.55503
80	1	5	-5.0495
90	1	0	-0.988889
90	1	0.5	-1.05387
90	1	1	-1.26922
90	1	1.5	-1.66988
90	1	2	-2.12563
90	1	2.5	-2.5999
90	1	3	-3.08298
90	1	3.5	-3.57099
90	1	4	-4.06205
90	1	4.5	-4.55511
90	1	5	-5.04957
100	1	0	-0.99
100	1	0.5	-1.05484
100	1	1	-1.26962
100	1	1.5	-1.67009
100	1	2	-2.12577
100	1	2.5	-2.60001
100	1	3	-3.08308
100	1	3.5	-3.57108
100	1	4	-4.06212
100	1	4.5	-4.55517
100	1	5	-5.04962
