0.825811	0
1.42344e-14	0
-1.11162e-14	0
0.20627	0
1.50788e-15	0
0.102521	0
0.218636	0
1.97626e-15	0
6.75467e-17	0
0.0626917	0
0.113765	0
-5.98063e-16	0
0.22063	0
9.76688e-17	0
1.68374e-16	0
0.057583	0
-4.96541e-16	0
0.0410586	0
0.069963	0
-3.2685e-15	0
0.113764	0
-5.19052e-15	0
3.956e-15	0
0.0306009	0
0.218637	0
-2.28852e-14	0
1.83289e-14	0
0.0549641	0
-3.29931e-15	0
0.0294873	0
0.0608948	0
9.82841e-16	0
-9.824e-17	0
0.0247118	0
0.0410589	0
3.56178e-15	0
0.0626918	0
7.3756e-15	0
-5.78973e-15	0
0.0171037	0
0.102521	0
3.71218e-14	0
-2.9538e-14	0
0.0258829	0
-3.11601e-16	0
0.0145549	0
0.0294889	0
2.11512e-14	0
0.206269	0
-5.03167e-14	0
4.09671e-14	0
0.0515632	0
-2.09396e-15	0
0.0258834	0
0.0549647	0
-1.80918e-14	0
9.26429e-17	0
0.0171042	0
0.0306007	0
1.18651e-15	0
0.057583	0
2.47086e-15	0
-2.17417e-15	0
0.0151123	0
