-0.751833	0
-1.28247e-16	0
4.97627e-18	0
-0.187909	0
2.67432e-16	0
-0.093779	0
-0.199498	0
4.84309e-16	0
1.0201e-15	0
-0.0582358	0
-0.105094	0
2.58919e-16	0
-0.202149	0
4.33027e-16	0
1.46434e-16	0
-0.0528681	0
4.23328e-16	0
-0.0400976	0
-0.0676014	0
-2.61429e-16	0
-0.107953	0
-5.95246e-16	0
7.5828e-16	0
-0.0291896	0
-0.202733	0
4.27108e-17	0
1.89832e-16	0
-0.0510631	0
-5.7701e-17	0
-0.0277396	0
-0.0568523	0
-8.00197e-16	0
8.72284e-16	0
-0.02891	0
-0.0471592	0
3.58399e-16	0
-0.0695778	0
7.68303e-18	0
6.27125e-17	0
-0.0191782	0
-0.107953	0
-4.66715e-15	0
4.11976e-15	0
-0.027362	0
1.53898e-16	0
-0.01584	0
-0.0316061	0
-2.4751e-15	0
-0.202148	0
3.49322e-16	0
-6.12066e-18	0
-0.0505916	0
1.00649e-16	0
-0.0256376	0
-0.0541671	0
8.36408e-17	0
1.95521e-16	0
-0.0176972	0
-0.0312674	0
1.58027e-16	0
-0.057613	0
2.76907e-16	0
7.79046e-18	0
-0.015195	0
1.18953e-15	0
-0.0207087	0
-0.0332126	0
6.7692e-16	0
-0.0471588	0
6.81713e-16	0
3.29164e-16	0
-0.0131379	0
-0.0676012	0
3.47209e-15	0
-1.31327e-15	0
-0.0171992	0
1.04312e-15	0
-0.0103237	0
-0.0202964	0
6.71091e-16	0
-0.105094	0
1.05184e-15	0
8.67627e-16	0
-0.0263368	0
5.14025e-16	0
-0.0135472	0
-0.0284333	0
2.00051e-16	0
-1.24508e-15	0
-0.010119	0
-0.0175681	0
-1.57179e-16	0
-0.0312681	0
2.0475e-16	0
-2.56979e-16	0
-0.00830836	0
-0.199499	0
2.0779e-15	0
2.29792e-15	0
-0.0498774	0
5.55651e-16	0
-0.0249821	0
-0.0530589	0
4.86073e-16	0
-3.57361e-15	0
-0.0158403	0
-0.028432	0
-7.80265e-16	0
-0.0541655	0
1.43856e-16	0
-4.44273e-16	0
-0.0141945	0
1.2903e-15	0
-0.0121818	0
-0.020293	0
2.71661e-16	0
-0.0316033	0
-9.60104e-17	0
2.28006e-16	0
-0.00859997	0
-0.0568528	0
1.80389e-15	0
-5.4826e-16	0
-0.0143427	0
1.78131e-15	0
-0.00792217	0
-0.0161216	0
7.10026e-16	0
8.19438e-16	0
-0.0130116	0
-0.0207104	0
4.50255e-16	0
-0.0289101	0
1.37529e-16	0
-3.38334e-16	0
-0.00809415	0
-0.0400981	0
3.23153e-15	0
-4.41425e-15	0
-0.0102206	0
-4.23569e-16	0
-0.00624066	0
-0.012185	0
8.38623e-16	0
-0.0582359	0
-1.1405e-15	0
-1.50524e-15	0
-0.0146051	0
-1.20275e-16	0
-0.00757524	0
-0.0158409	0
-2.23895e-16	0
2.41831e-15	0
-0.00587876	0
-0.0101176	0
6.49277e-16	0
-0.0176963	0
1.17956e-16	0
1.37418e-16	0
-0.00472057	0
-0.0937777	0
-2.6301e-15	0
-3.04026e-15	0
-0.0234508	0
-6.91618e-16	0
-0.0117758	0
-0.0249818	0
-4.62378e-16	0
5.60408e-15	0
-0.00757524	0
-0.0135468	0
1.33222e-15	0
-0.0256365	0
1.5568e-16	0
6.68488e-16	0
-0.00672772	0
-2.07569e-16	0
-0.0062407	0
-0.0103248	0
-1.41053e-16	0
-0.0158425	0
-6.78973e-16	0
-8.32551e-16	0
-0.00432765	0
-0.0277447	0
-1.96195e-16	0
-2.6323e-15	0
-0.00700661	0
-3.76287e-16	0
-0.00391126	0
-0.00792382	0
2.45908e-17	0
-0.187907	0
4.73099e-16	0
5.70963e-16	0
-0.0469665	0
2.29994e-16	0
-0.0234511	0
-0.0498769	0
2.19799e-16	0
-6.13044e-16	0
-0.0146052	0
-0.026337	0
-1.2965e-16	0
-0.0505916	0
1.16269e-16	0
-6.12691e-17	0
-0.0132349	0
2.34682e-16	0
-0.0102214	0
-0.0172008	0
-2.30485e-17	0
-0.027364	0
-1.1851e-16	0
2.18115e-16	0
-0.0074061	0
-0.0510655	0
3.1986e-16	0
6.93935e-17	0
-0.0128651	0
2.90142e-16	0
-0.00700576	0
-0.0143434	0
-5.45792e-17	0
2.32864e-16	0
-0.00809504	0
-0.0131393	0
1.11541e-16	0
-0.0191785	0
-5.04603e-17	0
-1.25927e-16	0
-0.00530226	0
-0.0291885	0
-7.34082e-16	0
3.07808e-17	0
-0.00740529	0
-2.02388e-16	0
-0.00432716	0
-0.00860096	0
-4.78335e-16	0
-0.052868	0
-3.00869e-16	0
-4.39505e-16	0
-0.0132349	0
1.61147e-17	0
-0.006728	0
-0.014195	0
-3.82984e-17	0
9.31276e-16	0
-0.00472087	0
-0.00830814	0
2.53598e-16	0
-0.0151949	0
9.1003e-17	0
9.98321e-17	0
-0.00401402	0
