0.176777	0
5.02376e-15	0
5.3707e-15	0
0.176777	0
5.9952e-15	0
0.176777	0
0.176777	0
5.70377e-15	0
5.59275e-15	0
0.176777	0
0.176777	0
5.28744e-15	0
0.176777	0
6.245e-15	0
6.64746e-15	0
0.176777	0
5.07927e-15	0
0.176777	0
0.176777	0
4.80171e-15	0
0.176777	0
5.77316e-15	0
6.13398e-15	0
0.176777	0
0.176777	0
5.73153e-15	0
6.07847e-15	0
0.176777	0
6.71685e-15	0
0.176777	0
0.176777	0
6.43929e-15	0
4.98213e-15	0
0.176777	0
0.176777	0
4.66294e-15	0
0.176777	0
5.63438e-15	0
5.9952e-15	0
0.176777	0
0.176777	0
5.59275e-15	0
5.95357e-15	0
0.176777	0
6.57807e-15	0
0.176777	0
0.176777	0
6.31439e-15	0
0.176777	0
4.66294e-15	0
5.00988e-15	0
0.176777	0
5.63438e-15	0
0.176777	0
0.176777	0
5.35683e-15	0
5.23193e-15	0
0.176777	0
0.176777	0
4.92661e-15	0
0.176777	0
5.89806e-15	0
6.30052e-15	0
0.176777	0
