0.682202	0
8.50158e-16	0
1.1669e-15	0
0.170532	0
1.22676e-15	0
0.0851999	0
0.181137	0
4.18193e-16	0
1.28122e-15	0
0.0531127	0
0.0957063	0
3.02116e-16	0
0.183703	0
2.64374e-16	0
5.11635e-16	0
0.0480705	0
8.61746e-16	0
0.0369441	0
0.0621305	0
1.85373e-16	0
0.0987751	0
2.43713e-16	0
3.44912e-16	0
0.0267401	0
0.184576	0
9.4043e-17	0
5.19926e-16	0
0.0464823	0
2.19186e-16	0
0.0253111	0
0.0518809	0
1.52303e-17	0
2.20622e-17	0
0.0273357	0
0.0443907	0
7.52693e-17	0
0.0649873	0
2.30348e-17	0
-2.44043e-16	0
0.0179591	0
0.0997936	0
5.48669e-16	0
-5.69838e-16	0
0.0253241	0
5.96212e-16	0
0.014763	0
0.029332	0
3.70313e-16	0
0.184801	0
7.68893e-16	0
5.64076e-16	0
0.0462779	0
-3.45596e-16	0
0.0235159	0
0.0495727	0
5.74232e-17	0
-2.58139e-17	0
0.0163818	0
0.028849	0
1.20434e-16	0
0.0528951	0
3.0797e-16	0
1.38329e-16	0
0.0139692	0
1.26393e-15	0
0.0209077	0
0.0332835	0
4.61945e-16	0
0.0466818	0
7.09204e-16	0
8.54727e-16	0
0.0130641	0
0.0657113	0
7.11176e-16	0
2.84862e-16	0
0.016769	0
-7.09711e-16	0
0.0102015	0
0.0198614	0
-2.08927e-17	0
0.0997936	0
-1.79949e-15	0
-9.48167e-16	0
0.0250444	0
2.76703e-15	0
0.0129634	0
0.0270631	0
3.36565e-16	0
3.03151e-16	0
0.00986632	0
0.0170185	0
-7.65981e-17	0
0.0299872	0
-6.37129e-16	0
-6.10564e-16	0
0.00799042	0
0.184575	0
2.50692e-16	0
4.24374e-16	0
0.0461633	0
5.78963e-16	0
0.0231684	0
0.0491362	0
1.67276e-16	0
3.90289e-16	0
0.0147946	0
0.0264844	0
8.21933e-17	0
0.0502657	0
5.23589e-17	0
1.47907e-16	0
0.0131858	0
7.0436e-16	0
0.0116629	0
0.019335	0
1.42369e-16	0
0.0298639	0
6.93162e-17	0
2.13848e-16	0
0.00814697	0
0.0531383	0
-5.33599e-18	0
3.24913e-16	0
0.0134137	0
2.99595e-16	0
0.00745235	0
0.0151263	0
3.29811e-17	0
1.20651e-15	0
0.0161047	0
0.0253427	0
2.81374e-16	0
0.0346857	0
2.38964e-16	0
5.75793e-16	0
0.00978192	0
0.0466819	0
3.15469e-16	0
9.25948e-16	0
0.0119571	0
5.85372e-16	0
0.00746614	0
0.0143541	0
1.15755e-16	0
0.0649875	0
6.08985e-16	0
6.74392e-16	0
0.0163371	0
2.35917e-16	0
0.00857308	0
0.0177667	0
1.41358e-16	0
-3.09492e-16	0
0.0068879	0
0.0117212	0
-2.84632e-17	0
0.0201266	0
1.14131e-16	0
5.20188e-17	0
0.0053963	0
0.0987754	0
-2.16728e-16	0
-1.53399e-17	0
0.0247209	0
6.60603e-16	0
0.0124762	0
0.0263789	0
1.14439e-16	0
1.09445e-15	0
0.00817862	0
0.0145288	0
2.26229e-16	0
0.027222	0
2.56182e-18	0
2.04774e-16	0
0.00716194	0
3.96028e-16	0
0.00710689	0
0.0116307	0
2.79755e-17	0
0.0175045	0
-1.23776e-16	0
9.20301e-18	0
0.00481009	0
0.0298638	0
-2.95078e-16	0
6.85749e-17	0
0.0075568	0
1.95718e-16	0
0.00428091	0
0.00860593	0
-3.82232e-17	0
0.183702	0
3.56381e-16	0
5.57945e-16	0
0.0459283	0
7.02336e-16	0
0.0229781	0
0.0488146	0
2.09145e-16	0
5.06555e-16	0
0.0144191	0
0.0259298	0
1.1637e-16	0
0.049608	0
8.9615e-17	0
1.97308e-16	0
0.0129909	0
2.55899e-18	0
0.0103133	0
0.0172674	0
-2.71183e-17	0
0.0272228	0
-1.36309e-17	0
9.53144e-18	0
0.00738661	0
0.0502655	0
-4.83808e-17	0
1.75001e-16	0
0.012667	0
1.09455e-16	0
0.0069358	0
0.014177	0
-7.36627e-18	0
-5.54199e-17	0
0.00869258	0
0.0139931	0
-5.49403e-17	0
0.0201265	0
-2.00831e-16	0
-2.35024e-16	0
0.00559157	0
0.0299874	0
-2.58989e-16	0
-4.35745e-16	0
0.00762623	0
4.66205e-17	0
0.00451855	0
0.00890656	0
-1.72897e-18	0
0.052895	0
2.777e-16	0
1.12187e-16	0
0.0132552	0
-3.9697e-16	0
0.00677481	0
0.014237	0
-3.62369e-17	0
7.45699e-16	0
0.00484663	0
0.00847595	0
2.33367e-16	0
0.0153471	0
2.17367e-16	0
2.71216e-16	0
0.00406472	0
1.14824e-15	0
0.0120042	0
0.0187698	0
1.46529e-16	0
0.0253426	0
-2.16052e-16	0
1.55494e-16	0
0.00717853	0
0.0332834	0
-4.71687e-16	0
3.19707e-16	0
0.00854421	0
6.24748e-16	0
0.00541627	0
0.0103375	0
-8.81853e-18	0
0.0443909	0
9.68179e-16	0
5.71361e-16	0
0.0111716	0
-1.20264e-15	0
0.00591342	0
0.0121979	0
-1.10456e-16	0
5.25355e-16	0
0.00490097	0
0.0082744	0
2.32409e-16	0
0.0139933	0
4.19926e-16	0
4.6221e-16	0
0.00376602	0
0.0621308	0
-1.09058e-16	0
-5.41708e-18	0
0.0155577	0
2.51707e-16	0
0.00788448	0
0.016632	0
3.79623e-17	0
-1.01833e-16	0
0.00526459	0
0.00930082	0
-5.60868e-17	0
0.0172664	0
-8.43722e-17	0
-5.29981e-17	0
0.00455248	0
3.77812e-16	0
0.004837	0
0.0078534	0
3.25966e-17	0
0.0116311	0
-1.00733e-16	0
3.03788e-17	0
0.00321099	0
0.0193351	0
-2.13649e-16	0
1.51401e-16	0
0.00490065	0
2.67544e-16	0
0.00281197	0
0.00561722	0
-9.03603e-18	0
0.0957066	0
-9.38346e-16	0
-1.16151e-15	0
0.023933	0
-7.9239e-16	0
0.0119937	0
0.0254557	0
-2.97806e-16	0
1.70448e-16	0
0.00758415	0
0.0136057	0
-1.14258e-17	0
0.0259296	0
-1.83066e-16	0
-1.49318e-16	0
0.00679625	0
2.11886e-15	0
0.00558268	0
0.00930109	0
4.78383e-16	0
0.0145287	0
1.17625e-16	0
4.40855e-16	0
0.00395239	0
0.0264833	0
-2.20538e-16	0
1.0265e-17	0
0.00667899	0
3.48566e-16	0
0.00367991	0
0.00749823	0
2.71148e-17	0
5.03884e-16	0
0.00517831	0
0.00827402	0
4.83533e-17	0
0.0117211	0
-2.39564e-16	0
-1.52418e-16	0
0.0032716	0
0.0170188	0
-5.23715e-16	0
-5.24694e-16	0
0.00433677	0
-6.58012e-18	0
0.00260721	0
0.00510256	0
-7.49129e-17	0
0.028849	0
-6.35683e-17	0
-4.04139e-16	0
0.00723439	0
-1.03727e-15	0
0.00371856	0
0.00779048	0
-2.23638e-16	0
5.72376e-16	0
0.00272577	0
0.0047362	0
1.7393e-16	0
0.00847596	0
1.43134e-16	0
1.84403e-16	0
0.00225104	0
0.181137	0
-2.8036e-16	0
-3.81854e-16	0
0.0452817	0
-3.52148e-16	0
0.0226324	0
0.0481064	0
-1.0644e-16	0
-1.16981e-16	0
0.0141352	0
0.0254557	0
-5.29964e-17	0
0.0488146	0
-7.29421e-17	0
-7.59256e-17	0
0.0127764	0
5.01457e-16	0
0.00990271	0
0.0166322	0
1.0257e-16	0
0.026379	0
4.39115e-17	0
1.157e-16	0
0.00714596	0
0.0491361	0
-9.48836e-17	0
3.38809e-17	0
0.0123765	0
2.50601e-17	0
0.00674982	0
0.0138244	0
-2.31241e-17	0
1.41023e-15	0
0.00753135	0
0.0121985	0
3.46217e-16	0
0.0177673	0
9.41392e-17	0
2.35285e-16	0
0.00491756	0
0.0270635	0
7.78299e-17	0
-9.51766e-17	0
0.00687194	0
4.86152e-16	0
0.00402433	0
0.00797777	0
1.55138e-16	0
0.0495721	0
2.20088e-16	0
9.52971e-17	0
0.0124161	0
-2.91925e-16	0
0.00631892	0
0.0133094	0
-2.35766e-17	0
3.76749e-16	0
0.00443215	0
0.00779055	0
1.34181e-16	0
0.014237	0
1.4881e-16	0
1.53268e-16	0
0.00376276	0
3.08458e-16	0
0.00652522	0
0.0103373	0
8.19841e-17	0
0.0143539	0
8.09192e-17	0
1.49289e-16	0
0.00402975	0
0.0198613	0
2.07277e-17	0
3.03738e-17	0
0.00507587	0
-1.28792e-16	0
0.0031199	0
0.00604368	0
-2.97502e-17	0
0.0293324	0
-2.74216e-16	0
-1.5791e-16	0
0.00736583	0
3.98176e-16	0
0.00383157	0
0.00797768	0
4.80974e-17	0
2.44424e-16	0
0.0029732	0
0.00510254	0
4.23029e-17	0
0.00890659	0
-6.86791e-17	0
-4.4013e-17	0
0.00237866	0
0.0518809	0
4.99363e-17	0
7.10649e-17	0
0.0129783	0
3.07282e-17	0
0.00652444	0
0.0138244	0
1.46638e-17	0
-2.90209e-16	0
0.00419856	0
0.00749841	0
-7.73775e-17	0
0.0141769	0
-3.28597e-17	0
-5.78223e-17	0
0.0037222	0
-1.41302e-16	0
0.00340239	0
0.00561717	0
-5.02873e-17	0
0.00860596	0
-3.52526e-17	0
-3.28347e-17	0
0.0023531	0
0.0151262	0
-4.00055e-17	0
7.29488e-17	0
0.00382112	0
2.78119e-17	0
0.00213542	0
0.00432163	0
-1.27978e-17	0
3.43656e-16	0
0.00770017	0
0.0120043	0
-4.33319e-17	0
0.0161047	0
-3.19428e-16	0
-1.09233e-16	0
0.00457134	0
0.0209076	0
-5.43434e-16	0
4.91414e-17	0
0.00537307	0
3.69294e-16	0
0.00343093	0
0.00652537	0
-5.82485e-17	0
0.0273357	0
8.71539e-16	0
5.13379e-16	0
0.00688331	0
-1.07191e-15	0
0.00365953	0
0.00753091	0
-9.75259e-17	0
6.86494e-16	0
0.00307911	0
0.00517863	0
2.59553e-16	0
0.00869278	0
4.02265e-16	0
4.74428e-16	0
0.00234387	0
0.0369443	0
2.59801e-16	0
4.40265e-16	0
0.00925356	0
5.49223e-16	0
0.00470024	0
0.00990254	0
1.53383e-16	0
-1.515e-17	0
0.00316908	0
0.00558244	0
-1.2279e-17	0
0.0103126	0
9.41698e-18	0
4.54733e-17	0
0.00272219	0
4.27449e-16	0
0.00299083	0
0.00483716	0
6.89646e-17	0
0.00710732	0
-2.6298e-17	0
9.14662e-17	0
0.00196667	0
0.0116631	0
-5.61405e-17	0
2.39958e-16	0
0.00295862	0
3.29501e-16	0
0.00170879	0
0.00340247	0
3.7293e-17	0
0.053113	0
1.03148e-15	0
1.43884e-15	0
0.0132835	0
1.38435e-15	0
0.00666383	0
0.0141352	0
4.42982e-16	0
2.62248e-16	0
0.00423389	0
0.00758409	0
9.12371e-17	0
0.0144188	0
1.9421e-16	0
2.69035e-16	0
0.00378135	0
-1.94101e-15	0
0.00316916	0
0.00526464	0
-4.8985e-16	0
0.00817841	0
-2.0632e-16	0
-4.50404e-16	0
0.00222831	0
0.0147936	0
2.50657e-17	0
1.22032e-16	0
0.00373267	0
-1.62906e-16	0
0.00206439	0
0.00419837	0
-4.93637e-17	0
-3.58934e-16	0
0.00307897	0
0.00490085	0
-1.3147e-16	0
0.00688796	0
-1.87938e-16	0
-2.13064e-16	0
0.00192731	0
0.00986671	0
-1.97506e-16	0
-1.21232e-16	0
0.002517	0
9.13458e-17	0
0.00152504	0
0.00297329	0
-1.43531e-17	0
0.0163818	0
5.49097e-16	0
5.1012e-16	0
0.00410966	0
-1.84793e-17	0
0.00211923	0
0.0044321	0
7.88463e-17	0
7.89663e-16	0
0.00157432	0
0.00272581	0
2.39601e-16	0
0.00484667	0
2.52014e-16	0
3.48705e-16	0
0.00128915	0
0.0852001	0
5.84186e-16	0
8.55045e-16	0
0.0212998	0
9.74337e-16	0
0.0106502	0
0.0226325	0
2.95911e-16	0
7.83708e-16	0
0.00666385	0
0.0119937	0
2.04277e-16	0
0.0229781	0
1.73541e-16	0
3.0658e-16	0
0.0060154	0
4.18835e-17	0
0.00470034	0
0.0078846	0
5.8983e-18	0
0.0124762	0
3.13618e-17	0
4.54825e-17	0
0.00338194	0
0.0231682	0
7.49444e-17	0
1.94331e-16	0
0.00583672	0
1.5329e-16	0
0.00318802	0
0.00652441	0
3.39647e-17	0
-1.72223e-15	0
0.00365973	0
0.00591367	0
-4.38231e-16	0
0.00857328	0
-2.62961e-16	0
-5.2302e-16	0
0.00237626	0
0.0129633	0
-1.30428e-16	0
-3.08417e-16	0
0.00329349	0
-3.17571e-16	0
0.00193683	0
0.00383156	0
-7.5035e-17	0
0.023515	0
2.24988e-16	0
1.37261e-16	0
0.00589075	0
-2.50861e-16	0
0.00300232	0
0.00631875	0
-1.86428e-17	0
-1.33112e-16	0
0.00211923	0
0.00371854	0
-4.54686e-18	0
0.00677468	0
7.24958e-17	0
3.13262e-17	0
0.0017918	0
4.19872e-16	0
0.00343078	0
0.00541608	0
9.32348e-17	0
0.00746595	0
3.17325e-17	0
1.18263e-16	0
0.00210088	0
0.0102015	0
-1.54624e-17	0
7.5044e-17	0
0.00261002	0
8.80428e-17	0
0.00161658	0
0.00311989	0
8.80934e-18	0
0.0147633	0
9.33981e-17	0
1.55883e-16	0
0.00370909	0
2.49438e-16	0
0.00193683	0
0.00402429	0
6.86921e-17	0
4.43502e-16	0
0.00152502	0
0.00260724	0
1.1545e-16	0
0.0045186	0
6.32828e-17	0
1.20947e-16	0
0.00120887	0
0.0253111	0
3.22369e-16	0
4.6375e-16	0
0.0063328	0
4.81714e-16	0
0.00318802	0
0.0067498	0
1.49422e-16	0
1.97693e-16	0
0.00206445	0
0.00367995	0
5.5001e-17	0
0.00693567	0
6.93135e-17	0
1.1261e-16	0
0.00182231	0
2.20069e-16	0
0.00170875	0
0.00281195	0
4.89516e-17	0
0.00428095	0
3.01948e-17	0
7.72593e-17	0
0.00117263	0
0.00745235	0
5.33192e-17	0
1.63792e-16	0
0.00188369	0
1.74366e-16	0
0.00105763	0
0.00213542	0
3.72708e-17	0
0.170532	0
-1.32366e-15	0
-1.89188e-15	0
0.0426288	0
-2.02348e-15	0
0.0212998	0
0.0452817	0
-6.133e-16	0
-1.36696e-15	0
0.0132834	0
0.0239329	0
-3.92878e-16	0
0.0459283	0
-3.77795e-16	0
-5.81828e-16	0
0.0120189	0
6.86445e-16	0
0.00925357	0
0.0155577	0
1.41207e-16	0
0.0247209	0
1.68708e-17	0
1.03121e-16	0
0.00669332	0
0.0461633	0
-2.70806e-16	0
-2.41583e-16	0
0.0116259	0
-2.04691e-16	0
0.00633281	0
0.0129783	0
-9.28657e-17	0
4.39137e-15	0
0.00688344	0
0.0111718	0
1.09919e-15	0
0.0163372	0
4.8637e-16	0
1.0365e-15	0
0.00451627	0
0.0250444	0
2.90203e-16	0
2.42662e-16	0
0.00635622	0
1.14963e-15	0
0.00370904	0
0.00736579	0
3.35176e-16	0
0.0462777	0
1.61905e-17	0
-7.55269e-17	0
0.0115893	0
-1.73895e-16	0
0.00589096	0
0.0124162	0
-2.72277e-17	0
6.8076e-16	0
0.00410966	0
0.0072344	0
1.93805e-16	0
0.0132552	0
1.21977e-16	0
1.71096e-16	0
0.00350116	0
-1.83021e-16	0
0.00537325	0
0.00854446	0
-2.3985e-17	0
0.0119573	0
5.81871e-17	0
2.89e-17	0
0.00334866	0
0.0167692	0
-1.67714e-18	0
-1.48509e-16	0
0.00428072	0
-4.13343e-16	0
0.00261009	0
0.00507597	0
-8.44619e-17	0
0.0253242	0
-6.96346e-16	0
-6.36685e-16	0
0.00635623	0
1.47494e-16	0
0.00329352	0
0.00687187	0
-6.73818e-17	0
-3.12889e-16	0
0.00251694	0
0.00433676	0
-1.19877e-16	0
0.00762625	0
-2.32125e-16	0
-2.86747e-16	0
0.00203308	0
0.0464818	0
-5.07816e-16	0
-7.39137e-16	0
0.0116258	0
-8.66704e-16	0
0.00583673	0
0.0123764	0
-2.56952e-16	0
-9.49516e-16	0
0.00373289	0
0.00667921	0
-2.55936e-16	0
0.012667	0
-1.93136e-16	0
-3.26713e-16	0
0.00332341	0
-5.31221e-16	0
0.00295861	0
0.00490066	0
-1.48597e-16	0
0.00755685	0
-1.02806e-16	0
-1.66686e-16	0
0.00206249	0
0.0134137	0
-1.59791e-16	0
-1.50333e-16	0
0.00338652	0
-2.35827e-16	0
0.00188369	0
0.00382112	0
-8.26051e-17	0
6.02545e-16	0
0.00457127	0
0.00717845	0
1.18985e-16	0
0.00978182	0
1.49951e-18	0
1.42086e-16	0
0.00276255	0
0.013064	0
-1.17382e-16	0
7.04186e-17	0
0.00334856	0
1.05379e-16	0
0.00210092	0
0.00402978	0
-1.33784e-17	0
0.0179591	0
-8.17437e-17	0
-2.54998e-16	0
0.00451621	0
-5.91037e-16	0
0.00237618	0
0.00491736	0
-1.36144e-16	0
-3.0275e-16	0
0.0019273	0
0.00327166	0
-6.32053e-17	0
0.00559159	0
-1.25354e-17	0
-6.89883e-17	0
0.00150094	0
0.0267403	0
-7.73835e-16	0
-1.06435e-15	0
0.00669337	0
-1.09307e-15	0
0.00338194	0
0.00714595	0
-3.44483e-16	0
-1.02592e-15	0
0.00222835	0
0.00395239	0
-2.87871e-16	0
0.00738638	0
-2.59021e-16	0
-4.02477e-16	0
0.00194448	0
-6.08657e-16	0
0.00196658	0
0.00321092	0
-1.81435e-16	0
0.00481015	0
-1.64977e-16	0
-2.29126e-16	0
0.00132356	0
0.00814701	0
-2.68672e-16	0
-2.46648e-16	0
0.00206249	0
-2.88353e-16	0
0.00117263	0
0.00235311	0
-1.12714e-16	0
0.0480705	0
-4.30023e-16	0
-6.27254e-16	0
0.0120189	0
-7.35033e-16	0
0.0060154	0
0.0127764	0
-2.17353e-16	0
-7.92195e-16	0
0.0037814	0
0.00679629	0
-2.14468e-16	0
0.0129909	0
-1.6208e-16	0
-2.7312e-16	0
0.00340262	0
-3.95663e-16	0
0.00272235	0
0.00455269	0
-1.13443e-16	0
0.00716207	0
-8.39459e-17	0
-1.33661e-16	0
0.00194452	0
0.0131856	0
-1.42255e-16	0
-1.33985e-16	0
0.00332339	0
-1.90252e-16	0
0.00182233	0
0.0037222	0
-6.86281e-17	0
2.7619e-15	0
0.0023438	0
0.00376594	0
6.71786e-16	0
0.00539627	0
2.64662e-16	0
6.49228e-16	0
0.00150093	0
0.0079905	0
7.80673e-17	0
2.04908e-16	0
0.00203308	0
7.15002e-16	0
0.00120886	0
0.00237865	0
1.74088e-16	0
0.0139692	0
1.19675e-16	0
1.04806e-16	0
0.00350115	0
3.87037e-17	0
0.00179182	0
0.00376275	0
2.92524e-17	0
7.96271e-16	0
0.00128914	0
0.00225104	0
2.1198e-16	0
0.00406472	0
1.33323e-16	0
2.31193e-16	0
0.00107725	0
