6.17562e-15	0
0.0883883	0
0.0883883	0
6.4046e-15	0
0.0883883	0
7.01522e-15	0
6.94583e-15	0
0.0883883	0
0.0883883	0
7.12624e-15	0
7.06379e-15	0
0.0883883	0
7.21645e-15	0
0.0883883	0
0.0883883	0
7.44543e-15	0
0.0883883	0
7.10543e-15	0
7.03604e-15	0
0.0883883	0
7.19563e-15	0
0.0883883	0
0.0883883	0
7.45237e-15	0
6.91808e-15	0
0.0883883	0
0.0883883	0
7.16788e-15	0
0.0883883	0
7.72993e-15	0
7.68136e-15	0
0.0883883	0
0.0883883	0
7.04992e-15	0
6.99441e-15	0
0.0883883	0
7.13318e-15	0
0.0883883	0
0.0883883	0
7.37604e-15	0
6.85563e-15	0
0.0883883	0
0.0883883	0
7.11237e-15	0
0.0883883	0
7.66748e-15	0
7.61891e-15	0
0.0883883	0
6.68909e-15	0
0.0883883	0
0.0883883	0
6.93196e-15	0
0.0883883	0
7.51482e-15	0
7.45931e-15	0
0.0883883	0
0.0883883	0
7.6536e-15	0
7.57727e-15	0
0.0883883	0
7.72993e-15	0
0.0883883	0
0.0883883	0
7.97973e-15	0
0.0883883	0
6.77236e-15	0
6.73073e-15	0
0.0883883	0
6.85563e-15	0
0.0883883	0
0.0883883	0
7.11931e-15	0
6.58501e-15	0
0.0883883	0
0.0883883	0
6.83481e-15	0
0.0883883	0
7.39686e-15	0
7.36217e-15	0
0.0883883	0
6.43929e-15	0
0.0883883	0
0.0883883	0
6.67522e-15	0
0.0883883	0
7.24421e-15	0
7.20257e-15	0
0.0883883	0
0.0883883	0
7.38298e-15	0
7.32053e-15	0
0.0883883	0
7.45931e-15	0
0.0883883	0
0.0883883	0
7.70911e-15	0
6.2797e-15	0
0.0883883	0
0.0883883	0
6.51562e-15	0
0.0883883	0
7.10543e-15	0
7.04298e-15	0
0.0883883	0
0.0883883	0
7.22339e-15	0
7.154e-15	0
0.0883883	0
7.32053e-15	0
0.0883883	0
0.0883883	0
7.56339e-15	0
0.0883883	0
7.20257e-15	0
7.13318e-15	0
0.0883883	0
7.29972e-15	0
0.0883883	0
0.0883883	0
7.53564e-15	0
7.00134e-15	0
0.0883883	0
0.0883883	0
7.23727e-15	0
0.0883883	0
7.82013e-15	0
7.7785e-15	0
0.0883883	0
0.0883883	0
6.66828e-15	0
6.6197e-15	0
0.0883883	0
6.76542e-15	0
0.0883883	0
0.0883883	0
7.00828e-15	0
6.47399e-15	0
0.0883883	0
0.0883883	0
6.73767e-15	0
0.0883883	0
7.2789e-15	0
7.25808e-15	0
0.0883883	0
6.32133e-15	0
0.0883883	0
0.0883883	0
6.56419e-15	0
0.0883883	0
7.14706e-15	0
7.09849e-15	0
0.0883883	0
0.0883883	0
7.27196e-15	0
7.20257e-15	0
0.0883883	0
7.35523e-15	0
0.0883883	0
0.0883883	0
7.61197e-15	0
6.16174e-15	0
0.0883883	0
0.0883883	0
6.4046e-15	0
0.0883883	0
6.98747e-15	0
6.94583e-15	0
0.0883883	0
0.0883883	0
7.11237e-15	0
7.06379e-15	0
0.0883883	0
7.20257e-15	0
0.0883883	0
0.0883883	0
7.44543e-15	0
0.0883883	0
7.09849e-15	0
7.03604e-15	0
0.0883883	0
7.18176e-15	0
0.0883883	0
0.0883883	0
7.43156e-15	0
6.89726e-15	0
0.0883883	0
0.0883883	0
7.12624e-15	0
0.0883883	0
7.72299e-15	0
7.66748e-15	0
0.0883883	0
6.30052e-15	0
0.0883883	0
0.0883883	0
6.54338e-15	0
0.0883883	0
7.13318e-15	0
7.07073e-15	0
0.0883883	0
0.0883883	0
7.24421e-15	0
7.18176e-15	0
0.0883883	0
7.34829e-15	0
0.0883883	0
0.0883883	0
7.57033e-15	0
0.0883883	0
7.23727e-15	0
7.16094e-15	0
0.0883883	0
7.32747e-15	0
0.0883883	0
0.0883883	0
7.57033e-15	0
7.03604e-15	0
0.0883883	0
0.0883883	0
7.2789e-15	0
0.0883883	0
7.86177e-15	0
7.79238e-15	0
0.0883883	0
0.0883883	0
7.16788e-15	0
7.11931e-15	0
0.0883883	0
7.25114e-15	0
0.0883883	0
0.0883883	0
7.49401e-15	0
6.98747e-15	0
0.0883883	0
0.0883883	0
7.23727e-15	0
0.0883883	0
7.79932e-15	0
7.74381e-15	0
0.0883883	0
6.82093e-15	0
0.0883883	0
0.0883883	0
7.05686e-15	0
0.0883883	0
7.63972e-15	0
7.59115e-15	0
0.0883883	0
0.0883883	0
7.7785e-15	0
7.70911e-15	0
0.0883883	0
7.86177e-15	0
0.0883883	0
0.0883883	0
8.09769e-15	0
