0.0441942	0
5.50948e-15	0
5.54071e-15	0
0.0441942	0
5.81826e-15	0
0.0441942	0
0.0441942	0
5.90153e-15	0
5.8599e-15	0
0.0441942	0
0.0441942	0
5.93969e-15	0
0.0441942	0
5.92582e-15	0
5.96398e-15	0
0.0441942	0
5.55805e-15	0
0.0441942	0
0.0441942	0
5.64479e-15	0
0.0441942	0
5.62397e-15	0
5.66561e-15	0
0.0441942	0
0.0441942	0
5.6552e-15	0
5.67602e-15	0
0.0441942	0
5.96398e-15	0
0.0441942	0
0.0441942	0
6.05418e-15	0
5.63785e-15	0
0.0441942	0
0.0441942	0
5.72459e-15	0
0.0441942	0
5.71071e-15	0
5.74193e-15	0
0.0441942	0
0.0441942	0
5.72806e-15	0
5.76275e-15	0
0.0441942	0
6.03337e-15	0
0.0441942	0
0.0441942	0
6.13398e-15	0
0.0441942	0
5.61703e-15	0
5.65867e-15	0
0.0441942	0
5.92582e-15	0
0.0441942	0
0.0441942	0
6.01602e-15	0
5.97786e-15	0
0.0441942	0
0.0441942	0
6.06112e-15	0
0.0441942	0
6.03684e-15	0
6.07153e-15	0
0.0441942	0
5.56499e-15	0
0.0441942	0
0.0441942	0
5.6552e-15	0
0.0441942	0
5.63438e-15	0
5.66561e-15	0
0.0441942	0
0.0441942	0
5.6552e-15	0
5.68642e-15	0
0.0441942	0
5.9501e-15	0
0.0441942	0
0.0441942	0
6.05765e-15	0
0.0441942	0
5.54765e-15	0
5.57887e-15	0
0.0441942	0
5.85643e-15	0
0.0441942	0
0.0441942	0
5.93969e-15	0
5.89806e-15	0
0.0441942	0
0.0441942	0
5.9848e-15	0
0.0441942	0
5.95704e-15	0
5.98827e-15	0
0.0441942	0
0.0441942	0
5.55805e-15	0
5.58581e-15	0
0.0441942	0
5.86683e-15	0
0.0441942	0
0.0441942	0
5.95357e-15	0
5.90847e-15	0
0.0441942	0
0.0441942	0
5.9952e-15	0
0.0441942	0
5.98133e-15	0
6.00214e-15	0
0.0441942	0
5.60663e-15	0
0.0441942	0
0.0441942	0
5.69683e-15	0
0.0441942	0
5.67948e-15	0
5.71071e-15	0
0.0441942	0
0.0441942	0
5.71071e-15	0
5.735e-15	0
0.0441942	0
6.01949e-15	0
0.0441942	0
0.0441942	0
6.09582e-15	0
5.59275e-15	0
0.0441942	0
0.0441942	0
5.68989e-15	0
0.0441942	0
5.66908e-15	0
5.68989e-15	0
0.0441942	0
0.0441942	0
5.69336e-15	0
5.71765e-15	0
0.0441942	0
5.99173e-15	0
0.0441942	0
0.0441942	0
6.09929e-15	0
0.0441942	0
5.5754e-15	0
5.61357e-15	0
0.0441942	0
5.88418e-15	0
0.0441942	0
0.0441942	0
5.96745e-15	0
5.92582e-15	0
0.0441942	0
0.0441942	0
6.01602e-15	0
0.0441942	0
5.99867e-15	0
6.0299e-15	0
0.0441942	0
0.0441942	0
5.59275e-15	0
5.62397e-15	0
0.0441942	0
5.89459e-15	0
0.0441942	0
0.0441942	0
5.98133e-15	0
5.94663e-15	0
0.0441942	0
0.0441942	0
6.03337e-15	0
0.0441942	0
6.00908e-15	0
6.04378e-15	0
0.0441942	0
5.64132e-15	0
0.0441942	0
0.0441942	0
5.73153e-15	0
0.0441942	0
5.71071e-15	0
5.73847e-15	0
0.0441942	0
0.0441942	0
5.74887e-15	0
5.76275e-15	0
0.0441942	0
6.05418e-15	0
0.0441942	0
0.0441942	0
6.12704e-15	0
0.0441942	0
5.81826e-15	0
5.86337e-15	0
0.0441942	0
6.1201e-15	0
0.0441942	0
0.0441942	0
6.22072e-15	0
6.17562e-15	0
0.0441942	0
0.0441942	0
6.26235e-15	0
0.0441942	0
6.2346e-15	0
6.27623e-15	0
0.0441942	0
5.86683e-15	0
0.0441942	0
0.0441942	0
5.96051e-15	0
0.0441942	0
5.9501e-15	0
5.97092e-15	0
0.0441942	0
0.0441942	0
5.97439e-15	0
5.98827e-15	0
0.0441942	0
6.27276e-15	0
0.0441942	0
0.0441942	0
6.36297e-15	0
5.95704e-15	0
0.0441942	0
0.0441942	0
6.04031e-15	0
0.0441942	0
6.02296e-15	0
6.05072e-15	0
0.0441942	0
0.0441942	0
6.04725e-15	0
6.08194e-15	0
0.0441942	0
6.33868e-15	0
0.0441942	0
0.0441942	0
6.44276e-15	0
0.0441942	0
5.92928e-15	0
5.96745e-15	0
0.0441942	0
6.24154e-15	0
0.0441942	0
0.0441942	0
6.3248e-15	0
6.28317e-15	0
0.0441942	0
0.0441942	0
6.36644e-15	0
0.0441942	0
6.34562e-15	0
6.37684e-15	0
0.0441942	0
5.55458e-15	0
0.0441942	0
0.0441942	0
5.65173e-15	0
0.0441942	0
5.63438e-15	0
5.6552e-15	0
0.0441942	0
0.0441942	0
5.64132e-15	0
5.67948e-15	0
0.0441942	0
5.9501e-15	0
0.0441942	0
0.0441942	0
6.04378e-15	0
0.0441942	0
5.5303e-15	0
5.56846e-15	0
0.0441942	0
5.84602e-15	0
0.0441942	0
0.0441942	0
5.92928e-15	0
5.88418e-15	0
0.0441942	0
0.0441942	0
5.98133e-15	0
0.0441942	0
5.95704e-15	0
5.98827e-15	0
0.0441942	0
0.0441942	0
5.55458e-15	0
5.58581e-15	0
0.0441942	0
5.84949e-15	0
0.0441942	0
0.0441942	0
5.94663e-15	0
5.905e-15	0
0.0441942	0
0.0441942	0
5.99173e-15	0
0.0441942	0
5.96745e-15	0
5.99867e-15	0
0.0441942	0
5.60316e-15	0
0.0441942	0
0.0441942	0
5.69336e-15	0
0.0441942	0
5.67255e-15	0
5.70377e-15	0
0.0441942	0
0.0441942	0
5.70724e-15	0
5.72459e-15	0
0.0441942	0
6.00214e-15	0
0.0441942	0
0.0441942	0
6.08888e-15	0
0.0441942	0
5.77316e-15	0
5.81479e-15	0
0.0441942	0
6.08194e-15	0
0.0441942	0
0.0441942	0
6.18255e-15	0
6.13051e-15	0
0.0441942	0
0.0441942	0
6.22072e-15	0
0.0441942	0
6.19643e-15	0
6.2346e-15	0
0.0441942	0
5.82867e-15	0
0.0441942	0
0.0441942	0
5.91541e-15	0
0.0441942	0
5.89806e-15	0
5.93275e-15	0
0.0441942	0
0.0441942	0
5.93275e-15	0
5.95357e-15	0
0.0441942	0
6.2346e-15	0
0.0441942	0
0.0441942	0
6.31786e-15	0
5.91541e-15	0
0.0441942	0
0.0441942	0
5.9952e-15	0
0.0441942	0
5.98133e-15	0
6.01255e-15	0
0.0441942	0
0.0441942	0
5.99867e-15	0
6.04031e-15	0
0.0441942	0
6.29705e-15	0
0.0441942	0
0.0441942	0
6.39419e-15	0
0.0441942	0
5.88418e-15	0
5.92235e-15	0
0.0441942	0
6.19643e-15	0
0.0441942	0
0.0441942	0
6.28664e-15	0
6.245e-15	0
0.0441942	0
0.0441942	0
6.32827e-15	0
0.0441942	0
6.30399e-15	0
6.33868e-15	0
0.0441942	0
0.0441942	0
5.75581e-15	0
5.78704e-15	0
0.0441942	0
6.06806e-15	0
0.0441942	0
0.0441942	0
6.15133e-15	0
6.11663e-15	0
0.0441942	0
0.0441942	0
6.1999e-15	0
0.0441942	0
6.18255e-15	0
6.21031e-15	0
0.0441942	0
5.80785e-15	0
0.0441942	0
0.0441942	0
5.89806e-15	0
0.0441942	0
5.87377e-15	0
5.91541e-15	0
0.0441942	0
0.0441942	0
5.90847e-15	0
5.93275e-15	0
0.0441942	0
6.20684e-15	0
0.0441942	0
0.0441942	0
6.30399e-15	0
5.89459e-15	0
0.0441942	0
0.0441942	0
5.97786e-15	0
0.0441942	0
5.96398e-15	0
5.98827e-15	0
0.0441942	0
0.0441942	0
5.98133e-15	0
6.01602e-15	0
0.0441942	0
6.27623e-15	0
0.0441942	0
0.0441942	0
6.37684e-15	0
0.0441942	0
5.86337e-15	0
5.905e-15	0
0.0441942	0
6.17909e-15	0
0.0441942	0
0.0441942	0
6.26582e-15	0
6.22419e-15	0
0.0441942	0
0.0441942	0
6.30745e-15	0
0.0441942	0
6.29011e-15	0
6.31786e-15	0
0.0441942	0
5.80785e-15	0
0.0441942	0
0.0441942	0
5.905e-15	0
0.0441942	0
5.88071e-15	0
5.90847e-15	0
0.0441942	0
0.0441942	0
5.90847e-15	0
5.93275e-15	0
0.0441942	0
6.20684e-15	0
0.0441942	0
0.0441942	0
6.30745e-15	0
0.0441942	0
5.79398e-15	0
5.83214e-15	0
0.0441942	0
6.10276e-15	0
0.0441942	0
0.0441942	0
6.18602e-15	0
6.14786e-15	0
0.0441942	0
0.0441942	0
6.24154e-15	0
0.0441942	0
6.20684e-15	0
6.245e-15	0
0.0441942	0
0.0441942	0
5.80438e-15	0
5.83561e-15	0
0.0441942	0
6.11317e-15	0
0.0441942	0
0.0441942	0
6.20337e-15	0
6.1548e-15	0
0.0441942	0
0.0441942	0
6.245e-15	0
0.0441942	0
6.22419e-15	0
6.25541e-15	0
0.0441942	0
5.8599e-15	0
0.0441942	0
0.0441942	0
5.94316e-15	0
0.0441942	0
5.93275e-15	0
5.96398e-15	0
0.0441942	0
0.0441942	0
5.95704e-15	0
5.98827e-15	0
0.0441942	0
6.26929e-15	0
0.0441942	0
0.0441942	0
6.34215e-15	0
5.52336e-15	0
0.0441942	0
0.0441942	0
5.6205e-15	0
0.0441942	0
5.60663e-15	0
5.61703e-15	0
0.0441942	0
0.0441942	0
5.61357e-15	0
5.64132e-15	0
0.0441942	0
5.91888e-15	0
0.0441942	0
0.0441942	0
6.01602e-15	0
0.0441942	0
5.50254e-15	0
5.53724e-15	0
0.0441942	0
5.81479e-15	0
0.0441942	0
0.0441942	0
5.89806e-15	0
5.84949e-15	0
0.0441942	0
0.0441942	0
5.94316e-15	0
0.0441942	0
5.92582e-15	0
5.95704e-15	0
0.0441942	0
0.0441942	0
5.52336e-15	0
5.55112e-15	0
0.0441942	0
5.8252e-15	0
0.0441942	0
0.0441942	0
5.91541e-15	0
5.87377e-15	0
0.0441942	0
0.0441942	0
5.95704e-15	0
0.0441942	0
5.93275e-15	0
5.96745e-15	0
0.0441942	0
5.5754e-15	0
0.0441942	0
0.0441942	0
5.65867e-15	0
0.0441942	0
5.64132e-15	0
5.67255e-15	0
0.0441942	0
0.0441942	0
5.67602e-15	0
5.69683e-15	0
0.0441942	0
5.97092e-15	0
0.0441942	0
0.0441942	0
6.05765e-15	0
0.0441942	0
5.74193e-15	0
5.7801e-15	0
0.0441942	0
6.04725e-15	0
0.0441942	0
0.0441942	0
6.14439e-15	0
6.09929e-15	0
0.0441942	0
0.0441942	0
6.18949e-15	0
0.0441942	0
6.16521e-15	0
6.20337e-15	0
0.0441942	0
5.80092e-15	0
0.0441942	0
0.0441942	0
5.88765e-15	0
0.0441942	0
5.86683e-15	0
5.90847e-15	0
0.0441942	0
0.0441942	0
5.89806e-15	0
5.92235e-15	0
0.0441942	0
6.20337e-15	0
0.0441942	0
0.0441942	0
6.2797e-15	0
5.88418e-15	0
0.0441942	0
0.0441942	0
5.97092e-15	0
0.0441942	0
5.95704e-15	0
5.98133e-15	0
0.0441942	0
0.0441942	0
5.96745e-15	0
6.00908e-15	0
0.0441942	0
6.26235e-15	0
0.0441942	0
0.0441942	0
6.36297e-15	0
0.0441942	0
5.85296e-15	0
5.88765e-15	0
0.0441942	0
6.16868e-15	0
0.0441942	0
0.0441942	0
6.25194e-15	0
6.21031e-15	0
0.0441942	0
0.0441942	0
6.30052e-15	0
0.0441942	0
6.27623e-15	0
6.31092e-15	0
0.0441942	0
0.0441942	0
5.72806e-15	0
5.75928e-15	0
0.0441942	0
6.03684e-15	0
0.0441942	0
0.0441942	0
6.1201e-15	0
6.08194e-15	0
0.0441942	0
0.0441942	0
6.16521e-15	0
0.0441942	0
6.14439e-15	0
6.17909e-15	0
0.0441942	0
5.77663e-15	0
0.0441942	0
0.0441942	0
5.86683e-15	0
0.0441942	0
5.84949e-15	0
5.88418e-15	0
0.0441942	0
0.0441942	0
5.87377e-15	0
5.905e-15	0
0.0441942	0
6.17909e-15	0
0.0441942	0
0.0441942	0
6.26582e-15	0
5.8599e-15	0
0.0441942	0
0.0441942	0
5.94663e-15	0
0.0441942	0
5.92928e-15	0
5.95704e-15	0
0.0441942	0
0.0441942	0
5.9501e-15	0
5.98133e-15	0
0.0441942	0
6.245e-15	0
0.0441942	0
0.0441942	0
6.34562e-15	0
0.0441942	0
5.83214e-15	0
5.87377e-15	0
0.0441942	0
6.14439e-15	0
0.0441942	0
0.0441942	0
6.2346e-15	0
6.18949e-15	0
0.0441942	0
0.0441942	0
6.27623e-15	0
0.0441942	0
6.25888e-15	0
6.28317e-15	0
0.0441942	0
5.7801e-15	0
0.0441942	0
0.0441942	0
5.87377e-15	0
0.0441942	0
5.84949e-15	0
5.88071e-15	0
0.0441942	0
0.0441942	0
5.87377e-15	0
5.90153e-15	0
0.0441942	0
6.17215e-15	0
0.0441942	0
0.0441942	0
6.2797e-15	0
0.0441942	0
5.76275e-15	0
5.79745e-15	0
0.0441942	0
6.07153e-15	0
0.0441942	0
0.0441942	0
6.14786e-15	0
6.11663e-15	0
0.0441942	0
0.0441942	0
6.20337e-15	0
0.0441942	0
6.17215e-15	0
6.20684e-15	0
0.0441942	0
0.0441942	0
5.77316e-15	0
5.80438e-15	0
0.0441942	0
6.075e-15	0
0.0441942	0
0.0441942	0
6.16868e-15	0
6.13051e-15	0
0.0441942	0
0.0441942	0
6.21378e-15	0
0.0441942	0
6.18949e-15	0
6.22419e-15	0
0.0441942	0
5.8252e-15	0
0.0441942	0
0.0441942	0
5.91541e-15	0
0.0441942	0
5.89459e-15	0
5.92928e-15	0
0.0441942	0
0.0441942	0
5.92582e-15	0
5.95357e-15	0
0.0441942	0
6.23113e-15	0
0.0441942	0
0.0441942	0
6.31092e-15	0
0.0441942	0
5.64826e-15	0
5.67602e-15	0
0.0441942	0
5.95704e-15	0
0.0441942	0
0.0441942	0
6.04031e-15	0
6.00214e-15	0
0.0441942	0
0.0441942	0
6.07847e-15	0
0.0441942	0
6.06112e-15	0
6.09582e-15	0
0.0441942	0
5.69336e-15	0
0.0441942	0
0.0441942	0
5.78357e-15	0
0.0441942	0
5.76275e-15	0
5.79398e-15	0
0.0441942	0
0.0441942	0
5.79398e-15	0
5.81479e-15	0
0.0441942	0
6.09582e-15	0
0.0441942	0
0.0441942	0
6.18602e-15	0
5.77663e-15	0
0.0441942	0
0.0441942	0
5.8703e-15	0
0.0441942	0
5.84949e-15	0
5.87377e-15	0
0.0441942	0
0.0441942	0
5.86683e-15	0
5.90153e-15	0
0.0441942	0
6.16521e-15	0
0.0441942	0
0.0441942	0
6.27276e-15	0
0.0441942	0
5.75928e-15	0
5.79398e-15	0
0.0441942	0
6.05765e-15	0
0.0441942	0
0.0441942	0
6.15133e-15	0
6.10623e-15	0
0.0441942	0
0.0441942	0
6.19296e-15	0
0.0441942	0
6.17215e-15	0
6.20337e-15	0
0.0441942	0
5.70377e-15	0
0.0441942	0
0.0441942	0
5.79051e-15	0
0.0441942	0
5.76969e-15	0
5.80438e-15	0
0.0441942	0
0.0441942	0
5.79398e-15	0
5.81479e-15	0
0.0441942	0
6.08888e-15	0
0.0441942	0
0.0441942	0
6.19296e-15	0
0.0441942	0
5.67948e-15	0
5.71071e-15	0
0.0441942	0
5.98827e-15	0
0.0441942	0
0.0441942	0
6.075e-15	0
6.03337e-15	0
0.0441942	0
0.0441942	0
6.12357e-15	0
0.0441942	0
6.09582e-15	0
6.12357e-15	0
0.0441942	0
0.0441942	0
5.69683e-15	0
5.72459e-15	0
0.0441942	0
5.99867e-15	0
0.0441942	0
0.0441942	0
6.09929e-15	0
6.04378e-15	0
0.0441942	0
0.0441942	0
6.13051e-15	0
0.0441942	0
6.11663e-15	0
6.13745e-15	0
0.0441942	0
5.74887e-15	0
0.0441942	0
0.0441942	0
5.83214e-15	0
0.0441942	0
5.81132e-15	0
5.84949e-15	0
0.0441942	0
0.0441942	0
5.84602e-15	0
5.86683e-15	0
0.0441942	0
6.15133e-15	0
0.0441942	0
0.0441942	0
6.22766e-15	0
5.72806e-15	0
0.0441942	0
0.0441942	0
5.82867e-15	0
0.0441942	0
5.81132e-15	0
5.8252e-15	0
0.0441942	0
0.0441942	0
5.82867e-15	0
5.85643e-15	0
0.0441942	0
6.13398e-15	0
0.0441942	0
0.0441942	0
6.2346e-15	0
0.0441942	0
5.70724e-15	0
5.75234e-15	0
0.0441942	0
6.02643e-15	0
0.0441942	0
0.0441942	0
6.10623e-15	0
6.06459e-15	0
0.0441942	0
0.0441942	0
6.15827e-15	0
0.0441942	0
6.13745e-15	0
6.16521e-15	0
0.0441942	0
0.0441942	0
5.72112e-15	0
5.75928e-15	0
0.0441942	0
6.02643e-15	0
0.0441942	0
0.0441942	0
6.1201e-15	0
6.08888e-15	0
0.0441942	0
0.0441942	0
6.16868e-15	0
0.0441942	0
6.15133e-15	0
6.18255e-15	0
0.0441942	0
5.7801e-15	0
0.0441942	0
0.0441942	0
5.86683e-15	0
0.0441942	0
5.84949e-15	0
5.88071e-15	0
0.0441942	0
0.0441942	0
5.88071e-15	0
5.905e-15	0
0.0441942	0
6.18602e-15	0
0.0441942	0
0.0441942	0
6.26582e-15	0
0.0441942	0
5.9501e-15	0
5.99867e-15	0
0.0441942	0
6.25888e-15	0
0.0441942	0
0.0441942	0
6.35603e-15	0
6.30399e-15	0
0.0441942	0
0.0441942	0
6.39419e-15	0
0.0441942	0
6.37337e-15	0
6.40807e-15	0
0.0441942	0
6.00561e-15	0
0.0441942	0
0.0441942	0
6.09582e-15	0
0.0441942	0
6.07847e-15	0
6.10623e-15	0
0.0441942	0
0.0441942	0
6.1097e-15	0
6.12357e-15	0
0.0441942	0
6.40807e-15	0
0.0441942	0
0.0441942	0
6.4948e-15	0
6.08541e-15	0
0.0441942	0
0.0441942	0
6.17909e-15	0
0.0441942	0
6.15827e-15	0
6.18949e-15	0
0.0441942	0
0.0441942	0
6.17562e-15	0
6.22072e-15	0
0.0441942	0
6.47399e-15	0
0.0441942	0
0.0441942	0
6.57807e-15	0
0.0441942	0
6.06806e-15	0
6.10623e-15	0
0.0441942	0
6.37337e-15	0
0.0441942	0
0.0441942	0
6.46358e-15	0
6.42195e-15	0
0.0441942	0
0.0441942	0
6.50521e-15	0
0.0441942	0
6.4844e-15	0
6.51909e-15	0
0.0441942	0
