0.0489317
0.0440393
0.0398561
0.0437948
0.0396596
0.0360486
0.039436
0.0437709
0.039641
0.03571
0.0326075
0.0358679
0.03922
0.0356876
0.0393967
0.0437681
0.0396388
0.0356793
0.0323161
0.035514
0.0324444
0.0294946
0.0322962
0.0358507
0.039199
0.0353163
0.0322787
0.0355113
0.0391784
0.0356543
0.0393922
0.0437677
0.0396388
0.035676
0.0322902
0.0354817
0.0321567
0.0292294
0.0319794
0.0354952
0.0324291
0.0292138
0.026679
0.0293472
0.0321192
0.0292269
0.0322681
0.0358489
0.0391968
0.035282
0.0319598
0.0351231
0.0321172
0.0291977
0.0319752
0.0354949
0.0391574
0.0352794
0.0322485
0.0354787
0.0391738
0.0356507
0.039392
0.043768
0.039641
0.0356775
0.0322889
0.0354799
0.0321327
0.0292072
0.0319521
0.0354644
0.0321434
0.0289559
0.0264406
0.0290845
0.031806
0.0289414
0.0319498
0.0354949
0.0324291
0.0291899
0.0264388
0.0290552
0.026547
0.0241334
0.0264263
0.0293348
0.0321038
0.028924
0.0264366
0.0290842
0.032091
0.0292044
0.0322666
0.0358507
0.039199
0.0352802
0.0319324
0.0350887
0.0318039
0.0289088
0.0316292
0.0351065
0.0321038
0.0289208
0.0264119
0.0290535
0.0318017
0.028938
0.0319496
0.0354952
0.0391574
0.0352466
0.0319281
0.0350884
0.0320889
0.029172
0.0319476
0.0354644
0.039155
0.0352773
0.0322471
0.0354772
0.0391758
0.0356525
0.0393944
0.0437709
0.0396596
0.0356942
0.0323037
0.0354961
0.0321448
0.0292181
0.0319637
0.0354772
0.0321327
0.0289463
0.0264315
0.0290744
0.031792
0.0289286
0.0319353
0.0354787
0.0321567
0.0289446
0.0262162
0.0288106
0.0263208
0.0239277
0.0262006
0.0290842
0.0318039
0.0286537
0.0261892
0.028812
0.0317877
0.0289284
0.0319612
0.0355113
0.0324444
0.0292008
0.0264296
0.0290419
0.0263208
0.0239247
0.0261757
0.0290535
0.026547
0.0239149
0.02184
0.0240242
0.0262939
0.0239261
0.0264158
0.0293472
0.0321172
0.0289095
0.0261873
0.0287793
0.0263167
0.0239245
0.0262004
0.0290845
0.0320889
0.0289109
0.0264273
0.0290744
0.0321029
0.0292156
0.0322817
0.0358679
0.03922
0.0352986
0.0319461
0.0351031
0.031792
0.0288974
0.0316133
0.0350884
0.031806
0.028652
0.0261632
0.0287793
0.0314727
0.0286382
0.0316151
0.0351231
0.0321192
0.0289109
0.0261862
0.0287776
0.0262939
0.0239033
0.0261744
0.0290551
0.0318017
0.0286518
0.0261879
0.0288106
0.0317895
0.0289301
0.0319635
0.035514
0.0391784
0.0352617
0.0319157
0.0350703
0.0317877
0.028894
0.0316131
0.0350887
0.032091
0.0289093
0.0264014
0.0290419
0.0317895
0.028927
0.0319374
0.0354817
0.0391738
0.0352614
0.0319416
0.0351031
0.0321029
0.0291847
0.0319615
0.0354799
0.0391758
0.035296
0.0322642
0.0354961
0.0391971
0.0356719
0.0394159
0.0437947
0.0398561
0.035871
0.0324637
0.0356719
0.0323037
0.0293625
0.0321216
0.0356525
0.0322889
0.029087
0.0265599
0.0292156
0.0319461
0.0290688
0.0320901
0.0356507
0.0322902
0.0290647
0.026325
0.0289301
0.0264296
0.0240266
0.0263089
0.0292044
0.0319324
0.0287695
0.026295
0.0289284
0.0319157
0.0290448
0.0320898
0.0356543
0.0323161
0.0290853
0.026325
0.028927
0.0262162
0.0238297
0.0260717
0.028938
0.0264388
0.0238174
0.0217508
0.0239261
0.0261862
0.0238281
0.0263075
0.0292269
0.0319598
0.0287678
0.0260589
0.0286382
0.0261873
0.0238068
0.0260715
0.0289414
0.0319281
0.0287661
0.0262948
0.0289286
0.0319416
0.0290688
0.0321194
0.0356876
0.0326075
0.0293473
0.0265599
0.0291847
0.0264315
0.024025
0.0262829
0.029172
0.0264406
0.0238187
0.0217497
0.0239245
0.0261632
0.0238068
0.0262815
0.0291977
0.026679
0.0240141
0.0217508
0.0239033
0.02184
0.0198543
0.0217406
0.0241334
0.0264119
0.0237958
0.0217495
0.0239277
0.0264014
0.0240266
0.0265459
0.0294946
0.0322787
0.0290518
0.026295
0.028894
0.0261892
0.0238052
0.0260454
0.0289088
0.0264366
0.0238155
0.0217495
0.0239247
0.0261879
0.0238297
0.0263097
0.0292294
0.0322485
0.0290277
0.0262948
0.0288974
0.0264273
0.024025
0.0263109
0.0292072
0.0322471
0.0290535
0.0265579
0.0292181
0.0322642
0.0293625
0.0324443
0.0360486
0.039436
0.035493
0.0321216
0.035296
0.0319637
0.0290535
0.0317836
0.0352773
0.0319521
0.0287836
0.0262829
0.0289109
0.0316133
0.0287661
0.0317559
0.0352794
0.0319794
0.028785
0.0260717
0.0286518
0.0261757
0.0237958
0.0260563
0.028924
0.0316292
0.0284963
0.0260454
0.0286537
0.0316131
0.0287695
0.0317857
0.0353163
0.0322962
0.0290675
0.0263089
0.0289093
0.0262006
0.0238155
0.0260563
0.0289208
0.0264263
0.0238062
0.0217406
0.0239149
0.0261744
0.0238174
0.0262957
0.0292138
0.0319752
0.0287816
0.0260715
0.028652
0.0262004
0.0238187
0.0260846
0.028956
0.0319476
0.0287836
0.0263109
0.0289463
0.0319615
0.029087
0.0321396
0.03571
0.0393967
0.0354577
0.0320901
0.0352614
0.0319353
0.0290277
0.0317559
0.0352466
0.0319498
0.0287816
0.0262815
0.0289095
0.0316151
0.0287678
0.0317582
0.035282
0.0322681
0.0290449
0.0263075
0.0289109
0.0264158
0.0240141
0.0262957
0.0291899
0.0319496
0.028785
0.0263097
0.0289446
0.0319374
0.0290647
0.0321123
0.0356793
0.0393922
0.0354541
0.0320898
0.0352617
0.0319612
0.0290518
0.0317857
0.0352802
0.0322666
0.0290675
0.0265459
0.0292008
0.0319635
0.0290853
0.0321123
0.035676
0.0393919
0.0354577
0.0321194
0.0352986
0.0322817
0.0293473
0.0321396
0.0356775
0.0393944
0.035493
0.0324443
0.0356942
0.0394159
0.035871
0.039636
0.0440393
0.0440393
0.039636
0.035871
0.0394159
0.0356942
0.0324443
0.035493
0.0393944
0.0356775
0.0321396
0.0293473
0.0322817
0.0352986
0.0321194
0.0354577
0.0393919
0.035676
0.0321123
0.0290853
0.0319635
0.0292008
0.0265459
0.0290675
0.0322666
0.0352802
0.0317857
0.0290518
0.0319612
0.0352617
0.0320898
0.0354541
0.0393922
0.0356793
0.0321123
0.0290647
0.0319374
0.0289446
0.0263097
0.028785
0.0319496
0.0291899
0.0262957
0.0240141
0.0264158
0.0289109
0.0263075
0.0290449
0.0322681
0.035282
0.0317582
0.0287678
0.0316151
0.0289095
0.0262815
0.0287816
0.0319498
0.0352466
0.0317559
0.0290277
0.0319353
0.0352614
0.0320901
0.0354577
0.0393967
0.03571
0.0321396
0.029087
0.0319615
0.0289463
0.0263109
0.0287836
0.0319476
0.028956
0.0260846
0.0238187
0.0262004
0.028652
0.0260715
0.0287816
0.0319752
0.0292138
0.0262957
0.0238174
0.0261744
0.0239149
0.0217406
0.0238062
0.0264263
0.0289208
0.0260563
0.0238155
0.0262006
0.0289093
0.0263089
0.0290675
0.0322962
0.0353163
0.0317857
0.0287695
0.0316131
0.0286537
0.0260454
0.0284963
0.0316292
0.028924
0.0260563
0.0237958
0.0261757
0.0286518
0.0260717
0.028785
0.0319794
0.0352794
0.0317559
0.0287661
0.0316133
0.0289109
0.0262829
0.0287836
0.0319521
0.0352773
0.0317836
0.0290535
0.0319637
0.035296
0.0321216
0.035493
0.039436
0.0360486
0.0324443
0.0293625
0.0322642
0.0292181
0.0265579
0.0290535
0.0322471
0.0292072
0.0263109
0.024025
0.0264273
0.0288974
0.0262948
0.0290277
0.0322485
0.0292294
0.0263097
0.0238297
0.0261879
0.0239247
0.0217495
0.0238155
0.0264366
0.0289088
0.0260454
0.0238052
0.0261892
0.028894
0.026295
0.0290518
0.0322787
0.0294946
0.0265459
0.0240266
0.0264014
0.0239277
0.0217495
0.0237958
0.0264119
0.0241334
0.0217406
0.0198543
0.02184
0.0239033
0.0217508
0.0240141
0.026679
0.0291977
0.0262815
0.0238068
0.0261632
0.0239245
0.0217497
0.0238187
0.0264406
0.029172
0.0262829
0.024025
0.0264315
0.0291847
0.0265599
0.0293473
0.0326075
0.0356876
0.0321194
0.0290688
0.0319416
0.0289286
0.0262948
0.0287661
0.0319281
0.0289414
0.0260715
0.0238068
0.0261873
0.0286382
0.0260589
0.0287678
0.0319598
0.0292269
0.0263075
0.0238281
0.0261862
0.0239261
0.0217508
0.0238174
0.0264388
0.028938
0.0260717
0.0238297
0.0262162
0.028927
0.026325
0.0290853
0.0323161
0.0356543
0.0320898
0.0290448
0.0319157
0.0289284
0.026295
0.0287695
0.0319324
0.0292044
0.0263089
0.0240266
0.0264296
0.0289301
0.026325
0.0290647
0.0322902
0.0356507
0.0320901
0.0290688
0.0319461
0.0292156
0.0265599
0.029087
0.0322889
0.0356525
0.0321216
0.0293625
0.0323037
0.0356719
0.0324637
0.035871
0.0398561
0.0437947
0.0394159
0.0356719
0.0391971
0.0354961
0.0322642
0.035296
0.0391758
0.0354799
0.0319615
0.0291847
0.0321029
0.0351031
0.0319416
0.0352614
0.0391738
0.0354817
0.0319374
0.028927
0.0317895
0.0290419
0.0264014
0.0289093
0.032091
0.0350887
0.0316131
0.028894
0.0317877
0.0350703
0.0319157
0.0352617
0.0391784
0.035514
0.0319635
0.0289301
0.0317895
0.0288106
0.0261879
0.0286518
0.0318017
0.0290551
0.0261744
0.0239033
0.0262939
0.0287776
0.0261862
0.0289109
0.0321192
0.0351231
0.0316151
0.0286382
0.0314727
0.0287793
0.0261632
0.028652
0.031806
0.0350884
0.0316133
0.0288974
0.031792
0.0351031
0.0319461
0.0352986
0.03922
0.0358679
0.0322817
0.0292156
0.0321029
0.0290744
0.0264273
0.0289109
0.0320889
0.0290845
0.0262004
0.0239245
0.0263167
0.0287793
0.0261873
0.0289095
0.0321172
0.0293472
0.0264158
0.0239261
0.0262939
0.0240242
0.02184
0.0239149
0.026547
0.0290535
0.0261757
0.0239247
0.0263208
0.0290419
0.0264296
0.0292008
0.0324444
0.0355113
0.0319612
0.0289284
0.0317877
0.028812
0.0261892
0.0286537
0.0318039
0.0290842
0.0262006
0.0239277
0.0263208
0.0288106
0.0262162
0.0289446
0.0321567
0.0354787
0.0319353
0.0289286
0.031792
0.0290744
0.0264315
0.0289463
0.0321327
0.0354772
0.0319637
0.0292181
0.0321448
0.0354961
0.0323037
0.0356942
0.0396596
0.0437709
0.0393944
0.0356525
0.0391758
0.0354772
0.0322471
0.0352773
0.039155
0.0354644
0.0319476
0.029172
0.0320889
0.0350884
0.0319281
0.0352466
0.0391574
0.0354952
0.0319496
0.028938
0.0318017
0.0290535
0.0264119
0.0289208
0.0321038
0.0351065
0.0316292
0.0289088
0.0318039
0.0350887
0.0319324
0.0352802
0.039199
0.0358507
0.0322666
0.0292044
0.032091
0.0290842
0.0264366
0.028924
0.0321038
0.0293348
0.0264263
0.0241334
0.026547
0.0290552
0.0264388
0.0291899
0.0324291
0.0354949
0.0319498
0.0289414
0.031806
0.0290845
0.0264406
0.0289559
0.0321434
0.0354644
0.0319521
0.0292072
0.0321327
0.0354799
0.0322889
0.0356775
0.039641
0.043768
0.039392
0.0356507
0.0391738
0.0354787
0.0322485
0.0352794
0.0391574
0.0354949
0.0319752
0.0291977
0.0321172
0.0351231
0.0319598
0.035282
0.0391968
0.0358489
0.0322681
0.0292269
0.0321192
0.0293472
0.026679
0.0292138
0.0324291
0.0354952
0.0319794
0.0292294
0.0321567
0.0354817
0.0322902
0.035676
0.0396388
0.0437677
0.0393922
0.0356543
0.0391784
0.0355113
0.0322787
0.0353163
0.039199
0.0358507
0.0322962
0.0294946
0.0324444
0.035514
0.0323161
0.0356793
0.0396388
0.0437681
0.0393967
0.0356876
0.03922
0.0358679
0.0326075
0.03571
0.039641
0.0437709
0.039436
0.0360486
0.0396596
0.0437948
0.0398561
0.0440393
0.0489317
