N	h/J	E0/N
2	0	0.5
2	0.1	-0.509902
2	0.2	-0.538516
2	0.3	-0.583095
2	0.4	-0.640312
2	0.5	-0.707107
2	0.6	-0.781025
2	0.7	-0.860233
2	0.8	-0.943398
2	0.9	-1.02956
2	1	-1.11803
2	1.1	-1.2083
2	1.2	-1.3
2	1.3	-1.39284
2	1.4	-1.48661
2	1.5	-1.58114
2	1.6	-1.67631
2	1.7	-1.772
2	1.8	-1.86815
2	1.9	-1.96469
4	0	0.25
4	0.1	-0.753764
4	0.2	-0.76543
4	0.3	-0.785832
4	0.4	-0.816037
4	0.5	-0.856759
4	0.6	-0.907846
4	0.7	-0.968246
4	0.8	-1.03639
4	0.9	-1.11067
4	1	-1.18969
4	1.1	-1.27237
4	1.2	-1.35788
4	1.3	-1.4456
4	1.4	-1.53508
4	1.5	-1.62597
4	1.6	-1.71801
4	1.7	-1.811
4	1.8	-1.90477
4	1.9	-1.9992
6	0	0.5
6	0.1	-0.836669
6	0.2	-0.846709
6	0.3	-0.863661
6	0.4	-0.887937
6	0.5	-0.920338
6	0.6	-0.96182
6	0.7	-1.01294
6	0.8	-1.07328
6	0.9	-1.14153
6	1	-1.21604
6	1.1	-1.29532
6	1.2	-1.37822
6	1.3	-1.4639
6	1.4	-1.55173
6	1.5	-1.64126
6	1.6	-1.73216
6	1.7	-1.82417
6	1.8	-1.91711
6	1.9	-2.01081
8	0	0.375
8	0.1	-0.878127
8	0.2	-0.887538
8	0.3	-0.903327
8	0.4	-0.925699
8	0.5	-0.955074
8	0.6	-0.992228
8	0.7	-1.0382
8	0.8	-1.09365
8	0.9	-1.15802
8	1	-1.22974
8	1.1	-1.30706
8	1.2	-1.38853
8	1.3	-1.47311
8	1.4	-1.56009
8	1.5	-1.64893
8	1.6	-1.73925
8	1.7	-1.83077
8	1.8	-1.92328
8	1.9	-2.01662
10	0	0.5
10	0.1	-0.903002
10	0.2	-0.912035
10	0.3	-0.927182
10	0.4	-0.948596
10	0.5	-0.97655
10	0.6	-1.01157
10	0.7	-1.05458
10	0.8	-1.10675
10	0.9	-1.16836
10	1	-1.23815
10	1.1	-1.31417
10	1.2	-1.39473
10	1.3	-1.47865
10	1.4	-1.56511
10	1.5	-1.65353
10	1.6	-1.7435
10	1.7	-1.83473
10	1.8	-1.92699
10	1.9	-2.0201
50	0	-0.14
50	0.1	-0.982602
50	0.2	-0.990427
50	0.3	-1.00354
50	0.4	-1.02205
50	0.5	-1.04613
50	0.6	-1.07603
50	0.7	-1.1121
50	0.8	-1.15491
50	0.9	-1.20542
50	1	-1.26602
50	1.1	-1.33711
50	1.2	-1.41464
50	1.3	-1.49639
50	1.4	-1.58117
50	1.5	-1.66825
50	1.6	-1.75711
50	1.7	-1.84739
50	1.8	-1.93884
50	1.9	-2.03125
100	0	-0.19
100	0.1	-0.992552
100	0.2	-1.00023
100	0.3	-1.01308
100	0.4	-1.03123
100	0.5	-1.05484
100	0.6	-1.08413
100	0.7	-1.11947
100	0.8	-1.16136
100	0.9	-1.2107
100	1	-1.26962
100	1.1	-1.33999
100	1.2	-1.41713
100	1.3	-1.49861
100	1.4	-1.58318
100	1.5	-1.67009
100	1.6	-1.75881
100	1.7	-1.84898
100	1.8	-1.94032
100	1.9	-2.03264
150	0	-0.1
150	0.1	-0.995868
150	0.2	-1.00349
150	0.3	-1.01627
150	0.4	-1.0343
150	0.5	-1.05774
150	0.6	-1.08683
150	0.7	-1.12192
150	0.8	-1.16351
150	0.9	-1.21247
150	1	-1.27082
150	1.1	-1.34095
150	1.2	-1.41796
150	1.3	-1.49935
150	1.4	-1.58385
150	1.5	-1.6707
150	1.6	-1.75937
150	1.7	-1.8495
150	1.8	-1.94082
150	1.9	-2.03311
200	0	-0.085
200	0.1	-0.997527
200	0.2	-1.00513
200	0.3	-1.01786
200	0.4	-1.03583
200	0.5	-1.05919
200	0.6	-1.08819
200	0.7	-1.12315
200	0.8	-1.16459
200	0.9	-1.21335
200	1	-1.27143
200	1.1	-1.34143
200	1.2	-1.41837
200	1.3	-1.49971
200	1.4	-1.58418
200	1.5	-1.67101
200	1.6	-1.75966
200	1.7	-1.84977
200	1.8	-1.94106
200	1.9	-2.03334
250	0	-0.06
250	0.1	-0.998522
250	0.2	-1.00611
250	0.3	-1.01881
250	0.4	-1.03674
250	0.5	-1.06006
250	0.6	-1.089
250	0.7	-1.12388
250	0.8	-1.16523
250	0.9	-1.21388
250	1	-1.27179
250	1.1	-1.34171
250	1.2	-1.41862
250	1.3	-1.49994
250	1.4	-1.58439
250	1.5	-1.67119
250	1.6	-1.75983
250	1.7	-1.84993
250	1.8	-1.94121
250	1.9	-2.03348
300	0	-0.0633333
300	0.1	-0.999185
300	0.2	-1.00676
300	0.3	-1.01945
300	0.4	-1.03736
300	0.5	-1.06064
300	0.6	-1.08954
300	0.7	-1.12437
300	0.8	-1.16566
300	0.9	-1.21423
300	1	-1.27203
300	1.1	-1.34191
300	1.2	-1.41879
300	1.3	-1.50008
300	1.4	-1.58452
300	1.5	-1.67131
300	1.6	-1.75994
300	1.7	-1.85003
300	1.8	-1.94131
300	1.9	-2.03357
350	0	-0.0828571
350	0.1	-0.999659
350	0.2	-1.00723
350	0.3	-1.0199
350	0.4	-1.03779
350	0.5	-1.06106
350	0.6	-1.08992
350	0.7	-1.12473
350	0.8	-1.16597
350	0.9	-1.21449
350	1	-1.2722
350	1.1	-1.34204
350	1.2	-1.41891
350	1.3	-1.50019
350	1.4	-1.58461
350	1.5	-1.6714
350	1.6	-1.76002
350	1.7	-1.85011
350	1.8	-1.94138
350	1.9	-2.03364
400	0	-0.0575
400	0.1	-1.00001
400	0.2	-1.00758
400	0.3	-1.02024
400	0.4	-1.03812
400	0.5	-1.06137
400	0.6	-1.09021
400	0.7	-1.12499
400	0.8	-1.1662
400	0.9	-1.21468
400	1	-1.27233
400	1.1	-1.34215
400	1.2	-1.419
400	1.3	-1.50027
400	1.4	-1.58469
400	1.5	-1.67147
400	1.6	-1.76008
400	1.7	-1.85016
400	1.8	-1.94143
400	1.9	-2.03369
450	0	-0.0466667
450	0.1	-1.00029
450	0.2	-1.00785
450	0.3	-1.02051
450	0.4	-1.03838
450	0.5	-1.06161
450	0.6	-1.09044
450	0.7	-1.12519
450	0.8	-1.16638
450	0.9	-1.21482
450	1	-1.27243
450	1.1	-1.34223
450	1.2	-1.41907
450	1.3	-1.50033
450	1.4	-1.58474
450	1.5	-1.67152
450	1.6	-1.76013
450	1.7	-1.85021
450	1.8	-1.94147
450	1.9	-2.03372
500	0	-0.034
500	0.1	-1.00051
500	0.2	-1.00487
500	0.3	-1.02072
500	0.4	-1.03858
500	0.5	-1.0618
500	0.6	-1.09062
500	0.7	-1.12536
500	0.8	-1.16652
500	0.9	-1.21494
500	1	-1.27251
500	1.1	-1.34229
500	1.2	-1.41912
500	1.3	-1.50038
500	1.4	-1.58479
500	1.5	-1.67156
500	1.6	-1.76017
500	1.7	-1.85024
500	1.8	-1.94151
500	1.9	-2.03376
