0.400546	0
0.206273	0
0.130934	0
0.1662	0
0.122671	0
0.0748215	0
0.0952508	0
0.156541	0
0.122672	0
0.0670885	0
0.0472042	0
0.0676187	0
0.0874633	0
0.0615662	0
0.0911094	0
0.1662	0
0.130934	0
0.0695475	0
0.0456527	0
0.0615658	0
0.0472041	0
0.0311573	0
0.0425426	0
0.0748217	0
0.0952504	0
0.0558865	0
0.0425431	0
0.067089	0
0.0911102	0
0.0695475	0
0.107958	0
0.206273	0
0.206273	0
0.107958	0
0.0695475	0
0.0911102	0
0.067089	0
0.0425431	0
0.0558865	0
0.0952504	0
0.0748217	0
0.0425426	0
0.0311573	0
0.0472041	0
0.0615658	0
0.0456527	0
0.0695475	0
0.130934	0
0.1662	0
0.0911094	0
0.0615662	0
0.0874633	0
0.0676187	0
0.0472042	0
0.0670885	0
0.122672	0
0.156541	0
0.0952508	0
0.0748215	0
0.122671	0
0.1662	0
0.130934	0
0.206273	0
0.400546	0
