0.340916	0
0.173433	0
0.109262	0
0.135514	0
0.10152	0
0.0603586	0
0.0754864	0
0.120809	0
0.0995583	0
0.0532533	0
0.0367367	0
0.0508016	0
0.0663666	0
0.0450962	0
0.0655688	0
0.116682	0
0.0995578	0
0.051833	0
0.0334956	0
0.043601	0
0.0337216	0
0.0214042	0
0.0284602	0
0.0484847	0
0.0644951	0
0.0366929	0
0.0272561	0
0.0414357	0
0.0569484	0
0.0420835	0
0.0643929	0
0.120809	0
0.10152	0
0.0523367	0
0.0333508	0
0.0424956	0
0.0316569	0
0.0194628	0
0.0250101	0
0.0414344	0
0.0337219	0
0.0186749	0
0.0133572	0
0.0195225	0
0.0255658	0
0.0183535	0
0.0275112	0
0.0508018	0
0.0663672	0
0.0357653	0
0.0238324	0
0.032968	0
0.0255653	0
0.0173747	0
0.0242782	0
0.0436028	0
0.0569457	0
0.0340353	0
0.0263862	0
0.0424958	0
0.0578319	0
0.0449097	0
0.0702775	0
0.135514	0
0.109263	0
0.0560818	0
0.0355702	0
0.0449098	0
0.033351	0
0.0202485	0
0.025716	0
0.0420829	0
0.0334963	0
0.0182785	0
0.0128497	0
0.018353	0
0.0238322	0
0.016737	0
0.0247613	0
0.0450952	0
0.0367367	0
0.0195362	0
0.0128497	0
0.0173744	0
0.0133571	0
0.00885286	0
0.0121303	0
0.0214043	0
0.0272548	0
0.0160606	0
0.0122765	0
0.019463	0
0.0263863	0
0.0202485	0
0.0314905	0
0.0603592	0
0.0754844	0
0.0397179	0
0.0257157	0
0.0340358	0
0.0250106	0
0.0160612	0
0.0212897	0
0.0366933	0
0.0284612	0
0.0163842	0
0.0121307	0
0.0186753	0
0.0242791	0
0.0182792	0
0.0280357	0
0.053255	0
0.0655725	0
0.0363552	0
0.0247624	0
0.0357652	0
0.0275117	0
0.0195364	0
0.0280347	0
0.0518331	0
0.0643934	0
0.0397188	0
0.0314902	0
0.0523361	0
0.0702778	0
0.0560812	0
0.0886851	0
0.173431	0
0.173431	0
0.0886851	0
0.0560812	0
0.0702778	0
0.0523361	0
0.0314902	0
0.0397188	0
0.0643934	0
0.0518331	0
0.0280347	0
0.0195364	0
0.0275117	0
0.0357652	0
0.0247624	0
0.0363552	0
0.0655725	0
0.053255	0
0.0280357	0
0.0182792	0
0.0242791	0
0.0186753	0
0.0121307	0
0.0163842	0
0.0284612	0
0.0366933	0
0.0212897	0
0.0160612	0
0.0250106	0
0.0340358	0
0.0257157	0
0.0397179	0
0.0754844	0
0.0603592	0
0.0314905	0
0.0202485	0
0.0263863	0
0.019463	0
0.0122765	0
0.0160606	0
0.0272548	0
0.0214043	0
0.0121303	0
0.00885286	0
0.0133571	0
0.0173744	0
0.0128497	0
0.0195362	0
0.0367367	0
0.0450952	0
0.0247613	0
0.016737	0
0.0238322	0
0.018353	0
0.0128497	0
0.0182785	0
0.0334963	0
0.0420829	0
0.025716	0
0.0202485	0
0.033351	0
0.0449098	0
0.0355702	0
0.0560818	0
0.109263	0
0.135514	0
0.0702775	0
0.0449097	0
0.0578319	0
0.0424958	0
0.0263862	0
0.0340353	0
0.0569457	0
0.0436028	0
0.0242782	0
0.0173747	0
0.0255653	0
0.032968	0
0.0238324	0
0.0357653	0
0.0663672	0
0.0508018	0
0.0275112	0
0.0183535	0
0.0255658	0
0.0195225	0
0.0133572	0
0.0186749	0
0.0337219	0
0.0414344	0
0.0250101	0
0.0194628	0
0.0316569	0
0.0424956	0
0.0333508	0
0.0523367	0
0.10152	0
0.120809	0
0.0643929	0
0.0420835	0
0.0569484	0
0.0414357	0
0.0272561	0
0.0366929	0
0.0644951	0
0.0484847	0
0.0284602	0
0.0214042	0
0.0337216	0
0.043601	0
0.0334956	0
0.051833	0
0.0995578	0
0.116682	0
0.0655688	0
0.0450962	0
0.0663666	0
0.0508016	0
0.0367367	0
0.0532533	0
0.0995583	0
0.120809	0
0.0754864	0
0.0603586	0
0.10152	0
0.135514	0
0.109262	0
0.173433	0
0.340916	0
