0.293395	0
0.148357	0
0.093189	0
0.114269	0
0.0863863	0
0.0507419	0
0.0629437	0
0.0994098	0
0.0843985	0
0.0446707	0
0.0305727	0
0.0415537	0
0.0547397	0
0.0365415	0
0.0526736	0
0.0924828	0
0.0837381	0
0.0431822	0
0.0277403	0
0.0354999	0
0.0276832	0
0.0172426	0
0.0226436	0
0.0379334	0
0.0521795	0
0.0292397	0
0.0214341	0
0.0319168	0
0.0443649	0
0.032133	0
0.0488301	0
0.0904165	0
0.0837381	0
0.0427913	0
0.0271221	0
0.0339956	0
0.0255869	0
0.015449	0
0.019613	0
0.0319122	0
0.0268821	0
0.0146478	0
0.0103407	0
0.0147595	0
0.0195014	0
0.0136812	0
0.0202949	0
0.0369089	0
0.0515333	0
0.0273785	0
0.0180726	0
0.0244412	0
0.0191189	0
0.0126895	0
0.017483	0
0.0308628	0
0.0418972	0
0.0245972	0
0.0188106	0
0.0296926	0
0.0408884	0
0.0311651	0
0.0484854	0
0.092483	0
0.0843984	0
0.0429619	0
0.0271126	0
0.0336953	0
0.0252999	0
0.0150974	0
0.0189552	0
0.0304643	0
0.0251572	0
0.0135208	0
0.00938983	0
0.0131004	0
0.0171626	0
0.011775	0
0.0172226	0
0.0308624	0
0.026882	0
0.0140969	0
0.00918273	0
0.0121259	0
0.00940415	0
0.00607566	0
0.00819051	0
0.0141649	0
0.0187202	0
0.0108159	0
0.00813861	0
0.0126062	0
0.0172853	0
0.0129843	0
0.0200384	0
0.0379331	0
0.0521795	0
0.0271479	0
0.0174376	0
0.0226179	0
0.016797	0
0.0105515	0
0.0137933	0
0.023314	0
0.0187193	0
0.0105748	0
0.00771515	0
0.0115984	0
0.0151959	0
0.0111968	0
0.0170115	0
0.0319124	0
0.0418973	0
0.0228894	0
0.0154404	0
0.0218366	0
0.0169279	0
0.0117727	0
0.0166977	0
0.0304642	0
0.0391034	0
0.0237476	0
0.0186306	0
0.0304943	0
0.0413272	0
0.032527	0
0.0512083	0
0.09941	0
0.0863862	0
0.0438893	0
0.0276504	0
0.0342248	0
0.0257154	0
0.0152658	0
0.0190816	0
0.0304944	0
0.0252999	0
0.0135214	0
0.00933414	0
0.0128985	0
0.0168948	0
0.0114759	0
0.016689	0
0.0296927	0
0.0255869	0
0.0133241	0
0.00862357	0
0.011239	0
0.00871148	0
0.0055418	0
0.00738376	0
0.0126061	0
0.016797	0
0.00958492	0
0.00713173	0
0.0108766	0
0.014955	0
0.0110808	0
0.016994	0
0.0319166	0
0.0276829	0
0.0143037	0
0.00913593	0
0.0116954	0
0.00871144	0
0.0053883	0
0.00696031	0
0.0115984	0
0.00940412	0
0.00523997	0
0.00377251	0
0.00556453	0
0.0072875	0
0.00527825	0
0.00794833	0
0.0147594	0
0.0191195	0
0.0103591	0
0.00693885	0
0.00968671	0
0.00750582	0
0.00515173	0
0.00724282	0
0.0131004	0
0.0169285	0
0.0101975	0
0.0079461	0
0.0128985	0
0.0174996	0
0.013682	0
0.0214772	0
0.0415534	0
0.0547397	0
0.0282015	0
0.0179363	0
0.0228093	0
0.0168948	0
0.0103463	0
0.0132306	0
0.0218368	0
0.0171626	0
0.00944315	0
0.0066943	0
0.00968662	0
0.0125551	0
0.00893375	0
0.0133016	0
0.0244412	0
0.0195006	0
0.010456	0
0.00692619	0
0.00949852	0
0.00728734	0
0.00490636	0
0.00679125	0
0.0121259	0
0.0151959	0
0.00906707	0
0.0069942	0
0.0112391	0
0.0151628	0
0.0117751	0
0.0184038	0
0.0355	0
0.0443651	0
0.0234994	0
0.015277	0
0.0204444	0
0.014955	0
0.00972024	0
0.0129977	0
0.0226177	0
0.0172848	0
0.0100493	0
0.00750429	0
0.0116954	0
0.0151626	0
0.0115422	0
0.0177831	0
0.0339955	0
0.0408885	0
0.0228281	0
0.0156333	0
0.0228091	0
0.0174994	0
0.0125522	0
0.0181071	0
0.0336952	0
0.0413273	0
0.0256751	0
0.020453	0
0.0342247	0
0.0457888	0
0.0367613	0
0.0582486	0
0.114269	0
0.093189	0
0.0472913	0
0.0297687	0
0.0367612	0
0.0276504	0
0.0163688	0
0.020416	0
0.0325271	0
0.0271126	0
0.01445	0
0.00994825	0
0.013682	0
0.0179362	0
0.0121224	0
0.0175818	0
0.0311652	0
0.0271221	0
0.0140793	0
0.00908838	0
0.0117751	0
0.00913598	0
0.00577155	0
0.00765151	0
0.0129842	0
0.0174376	0
0.00989109	0
0.00732199	0
0.0110809	0
0.0152771	0
0.0112385	0
0.0171837	0
0.0321332	0
0.0277403	0
0.0142736	0
0.00908839	0
0.0115423	0
0.00862357	0
0.00528468	0
0.00677958	0
0.0111967	0
0.00918274	0
0.00507256	0
0.00362321	0
0.00527821	0
0.00692634	0
0.00495765	0
0.00742264	0
0.0136809	0
0.0180726	0
0.00972051	0
0.00647435	0
0.00893375	0
0.00693872	0
0.00470504	0
0.0065654	0
0.0117751	0
0.0154404	0
0.00921898	0
0.00713611	0
0.0114758	0
0.0156333	0
0.0121224	0
0.0189712	0
0.0365414	0
0.0305725	0
0.015686	0
0.00994822	0
0.0125522	0
0.00933409	0
0.00566502	0
0.00719715	0
0.0117728	0
0.00938981	0
0.00512385	0
0.00360519	0
0.00515171	0
0.0066943	0
0.00470506	0
0.00696253	0
0.0126896	0
0.0103406	0
0.00550259	0
0.00362322	0
0.00490641	0
0.00377251	0
0.00250548	0
0.00343713	0
0.00607564	0
0.00771531	0
0.00455715	0
0.00348724	0
0.0055418	0
0.0075044	0
0.00577155	0
0.00898583	0
0.0172424	0
0.0214343	0
0.0113005	0
0.00732204	0
0.00972033	0
0.00713179	0
0.00459482	0
0.00610731	0
0.0105515	0
0.00813848	0
0.00469813	0
0.00348723	0
0.00538832	0
0.0069942	0
0.00528469	0
0.00811459	0
0.015449	0
0.018811	0
0.0104552	0
0.00713617	0
0.0103463	0
0.00794607	0
0.00566502	0
0.00814311	0
0.0150974	0
0.0186308	0
0.0115285	0
0.00915725	0
0.0152657	0
0.0204531	0
0.0163688	0
0.0259066	0
0.0507417	0
0.0629438	0
0.0322455	0
0.020416	0
0.0256752	0
0.0190816	0
0.0115284	0
0.0145856	0
0.0237477	0
0.0189552	0
0.0102893	0
0.00719712	0
0.0101973	0
0.0132305	0
0.009219	0
0.0135735	0
0.0245974	0
0.0196131	0
0.010364	0
0.00677959	0
0.00906707	0
0.00696033	0
0.0045571	0
0.00618547	0
0.0108156	0
0.0137933	0
0.00805882	0
0.0061073	0
0.00958493	0
0.0129978	0
0.00989109	0
0.0153252	0
0.0292397	0
0.0226431	0
0.0118676	0
0.00765143	0
0.0100495	0
0.0073837	0
0.00469813	0
0.00618553	0
0.010575	0
0.00819041	0
0.00467818	0
0.00343712	0
0.00523996	0
0.00679126	0
0.00507256	0
0.00774237	0
0.0146477	0
0.017483	0
0.0096644	0
0.00656539	0
0.00944314	0
0.00724279	0
0.00512386	0
0.00732663	0
0.0135208	0
0.0166979	0
0.0102894	0
0.00814314	0
0.0135214	0
0.0181073	0
0.01445	0
0.0228368	0
0.0446706	0
0.0526738	0
0.0274505	0
0.0175818	0
0.0228282	0
0.016689	0
0.010455	0
0.0135734	0
0.0228894	0
0.0172227	0
0.00966441	0
0.00696249	0
0.0103588	0
0.0133016	0
0.00972048	0
0.0146498	0
0.0273784	0
0.0202945	0
0.0110706	0
0.00742266	0
0.0104563	0
0.00794827	0
0.00550259	0
0.00774237	0
0.0140969	0
0.0170113	0
0.0103639	0
0.00811457	0
0.0133241	0
0.0177831	0
0.0140793	0
0.0221554	0
0.0431822	0
0.0488302	0
0.0262107	0
0.0171836	0
0.0234993	0
0.0169941	0
0.0113004	0
0.0153251	0
0.0271477	0
0.0200383	0
0.0118677	0
0.00898583	0
0.0143037	0
0.0184037	0
0.0142736	0
0.0221554	0
0.0427913	0
0.0484855	0
0.0274505	0
0.0189713	0
0.0282014	0
0.0214772	0
0.0156861	0
0.0228368	0
0.0429618	0
0.0512084	0
0.0322455	0
0.0259067	0
0.0438893	0
0.0582486	0
0.0472913	0
0.0751889	0
0.148357	0
0.148357	0
0.0751889	0
0.0472913	0
0.0582486	0
0.0438893	0
0.0259067	0
0.0322455	0
0.0512084	0
0.0429618	0
0.0228368	0
0.0156861	0
0.0214772	0
0.0282014	0
0.0189713	0
0.0274505	0
0.0484855	0
0.0427913	0
0.0221554	0
0.0142736	0
0.0184037	0
0.0143037	0
0.00898583	0
0.0118677	0
0.0200383	0
0.0271477	0
0.0153251	0
0.0113004	0
0.0169941	0
0.0234993	0
0.0171836	0
0.0262107	0
0.0488302	0
0.0431822	0
0.0221554	0
0.0140793	0
0.0177831	0
0.0133241	0
0.00811457	0
0.0103639	0
0.0170113	0
0.0140969	0
0.00774237	0
0.00550259	0
0.00794827	0
0.0104563	0
0.00742266	0
0.0110706	0
0.0202945	0
0.0273784	0
0.0146498	0
0.00972048	0
0.0133016	0
0.0103588	0
0.00696249	0
0.00966441	0
0.0172227	0
0.0228894	0
0.0135734	0
0.010455	0
0.016689	0
0.0228282	0
0.0175818	0
0.0274505	0
0.0526738	0
0.0446706	0
0.0228368	0
0.01445	0
0.0181073	0
0.0135214	0
0.00814314	0
0.0102894	0
0.0166979	0
0.0135208	0
0.00732663	0
0.00512386	0
0.00724279	0
0.00944314	0
0.00656539	0
0.0096644	0
0.017483	0
0.0146477	0
0.00774237	0
0.00507256	0
0.00679126	0
0.00523996	0
0.00343712	0
0.00467818	0
0.00819041	0
0.010575	0
0.00618553	0
0.00469813	0
0.0073837	0
0.0100495	0
0.00765143	0
0.0118676	0
0.0226431	0
0.0292397	0
0.0153252	0
0.00989109	0
0.0129978	0
0.00958493	0
0.0061073	0
0.00805882	0
0.0137933	0
0.0108156	0
0.00618547	0
0.0045571	0
0.00696033	0
0.00906707	0
0.00677959	0
0.010364	0
0.0196131	0
0.0245974	0
0.0135735	0
0.009219	0
0.0132305	0
0.0101973	0
0.00719712	0
0.0102893	0
0.0189552	0
0.0237477	0
0.0145856	0
0.0115284	0
0.0190816	0
0.0256752	0
0.020416	0
0.0322455	0
0.0629438	0
0.0507417	0
0.0259066	0
0.0163688	0
0.0204531	0
0.0152657	0
0.00915725	0
0.0115285	0
0.0186308	0
0.0150974	0
0.00814311	0
0.00566502	0
0.00794607	0
0.0103463	0
0.00713617	0
0.0104552	0
0.018811	0
0.015449	0
0.00811459	0
0.00528469	0
0.0069942	0
0.00538832	0
0.00348723	0
0.00469813	0
0.00813848	0
0.0105515	0
0.00610731	0
0.00459482	0
0.00713179	0
0.00972033	0
0.00732204	0
0.0113005	0
0.0214343	0
0.0172424	0
0.00898583	0
0.00577155	0
0.0075044	0
0.0055418	0
0.00348724	0
0.00455715	0
0.00771531	0
0.00607564	0
0.00343713	0
0.00250548	0
0.00377251	0
0.00490641	0
0.00362322	0
0.00550259	0
0.0103406	0
0.0126896	0
0.00696253	0
0.00470506	0
0.0066943	0
0.00515171	0
0.00360519	0
0.00512385	0
0.00938981	0
0.0117728	0
0.00719715	0
0.00566502	0
0.00933409	0
0.0125522	0
0.00994822	0
0.015686	0
0.0305725	0
0.0365414	0
0.0189712	0
0.0121224	0
0.0156333	0
0.0114758	0
0.00713611	0
0.00921898	0
0.0154404	0
0.0117751	0
0.0065654	0
0.00470504	0
0.00693872	0
0.00893375	0
0.00647435	0
0.00972051	0
0.0180726	0
0.0136809	0
0.00742264	0
0.00495765	0
0.00692634	0
0.00527821	0
0.00362321	0
0.00507256	0
0.00918274	0
0.0111967	0
0.00677958	0
0.00528468	0
0.00862357	0
0.0115423	0
0.00908839	0
0.0142736	0
0.0277403	0
0.0321332	0
0.0171837	0
0.0112385	0
0.0152771	0
0.0110809	0
0.00732199	0
0.00989109	0
0.0174376	0
0.0129842	0
0.00765151	0
0.00577155	0
0.00913598	0
0.0117751	0
0.00908838	0
0.0140793	0
0.0271221	0
0.0311652	0
0.0175818	0
0.0121224	0
0.0179362	0
0.013682	0
0.00994825	0
0.01445	0
0.0271126	0
0.0325271	0
0.020416	0
0.0163688	0
0.0276504	0
0.0367612	0
0.0297687	0
0.0472913	0
0.093189	0
0.114269	0
0.0582486	0
0.0367613	0
0.0457888	0
0.0342247	0
0.020453	0
0.0256751	0
0.0413273	0
0.0336952	0
0.0181071	0
0.0125522	0
0.0174994	0
0.0228091	0
0.0156333	0
0.0228281	0
0.0408885	0
0.0339955	0
0.0177831	0
0.0115422	0
0.0151626	0
0.0116954	0
0.00750429	0
0.0100493	0
0.0172848	0
0.0226177	0
0.0129977	0
0.00972024	0
0.014955	0
0.0204444	0
0.015277	0
0.0234994	0
0.0443651	0
0.0355	0
0.0184038	0
0.0117751	0
0.0151628	0
0.0112391	0
0.0069942	0
0.00906707	0
0.0151959	0
0.0121259	0
0.00679125	0
0.00490636	0
0.00728734	0
0.00949852	0
0.00692619	0
0.010456	0
0.0195006	0
0.0244412	0
0.0133016	0
0.00893375	0
0.0125551	0
0.00968662	0
0.0066943	0
0.00944315	0
0.0171626	0
0.0218368	0
0.0132306	0
0.0103463	0
0.0168948	0
0.0228093	0
0.0179363	0
0.0282015	0
0.0547397	0
0.0415534	0
0.0214772	0
0.013682	0
0.0174996	0
0.0128985	0
0.0079461	0
0.0101975	0
0.0169285	0
0.0131004	0
0.00724282	0
0.00515173	0
0.00750582	0
0.00968671	0
0.00693885	0
0.0103591	0
0.0191195	0
0.0147594	0
0.00794833	0
0.00527825	0
0.0072875	0
0.00556453	0
0.00377251	0
0.00523997	0
0.00940412	0
0.0115984	0
0.00696031	0
0.0053883	0
0.00871144	0
0.0116954	0
0.00913593	0
0.0143037	0
0.0276829	0
0.0319166	0
0.016994	0
0.0110808	0
0.014955	0
0.0108766	0
0.00713173	0
0.00958492	0
0.016797	0
0.0126061	0
0.00738376	0
0.0055418	0
0.00871148	0
0.011239	0
0.00862357	0
0.0133241	0
0.0255869	0
0.0296927	0
0.016689	0
0.0114759	0
0.0168948	0
0.0128985	0
0.00933414	0
0.0135214	0
0.0252999	0
0.0304944	0
0.0190816	0
0.0152658	0
0.0257154	0
0.0342248	0
0.0276504	0
0.0438893	0
0.0863862	0
0.09941	0
0.0512083	0
0.032527	0
0.0413272	0
0.0304943	0
0.0186306	0
0.0237476	0
0.0391034	0
0.0304642	0
0.0166977	0
0.0117727	0
0.0169279	0
0.0218366	0
0.0154404	0
0.0228894	0
0.0418973	0
0.0319124	0
0.0170115	0
0.0111968	0
0.0151959	0
0.0115984	0
0.00771515	0
0.0105748	0
0.0187193	0
0.023314	0
0.0137933	0
0.0105515	0
0.016797	0
0.0226179	0
0.0174376	0
0.0271479	0
0.0521795	0
0.0379331	0
0.0200384	0
0.0129843	0
0.0172853	0
0.0126062	0
0.00813861	0
0.0108159	0
0.0187202	0
0.0141649	0
0.00819051	0
0.00607566	0
0.00940415	0
0.0121259	0
0.00918273	0
0.0140969	0
0.026882	0
0.0308624	0
0.0172226	0
0.011775	0
0.0171626	0
0.0131004	0
0.00938983	0
0.0135208	0
0.0251572	0
0.0304643	0
0.0189552	0
0.0150974	0
0.0252999	0
0.0336953	0
0.0271126	0
0.0429619	0
0.0843984	0
0.092483	0
0.0484854	0
0.0311651	0
0.0408884	0
0.0296926	0
0.0188106	0
0.0245972	0
0.0418972	0
0.0308628	0
0.017483	0
0.0126895	0
0.0191189	0
0.0244412	0
0.0180726	0
0.0273785	0
0.0515333	0
0.0369089	0
0.0202949	0
0.0136812	0
0.0195014	0
0.0147595	0
0.0103407	0
0.0146478	0
0.0268821	0
0.0319122	0
0.019613	0
0.015449	0
0.0255869	0
0.0339956	0
0.0271221	0
0.0427913	0
0.0837381	0
0.0904165	0
0.0488301	0
0.032133	0
0.0443649	0
0.0319168	0
0.0214341	0
0.0292397	0
0.0521795	0
0.0379334	0
0.0226436	0
0.0172426	0
0.0276832	0
0.0354999	0
0.0277403	0
0.0431822	0
0.0837381	0
0.0924828	0
0.0526736	0
0.0365415	0
0.0547397	0
0.0415537	0
0.0305727	0
0.0446707	0
0.0843985	0
0.0994098	0
0.0629437	0
0.0507419	0
0.0863863	0
0.114269	0
0.093189	0
0.148357	0
0.293395	0
